4.660773277282715
4.625485897064209
4.598301887512207
4.632657051086426
4.606287002563477
4.588372707366943
4.59291410446167
4.592994213104248
4.546076774597168
4.527502536773682
4.567953109741211
4.48019552230835
4.467504978179932
4.376160621643066
4.370335578918457
4.3642964363098145
4.199368953704834
4.183176040649414
4.166134357452393
4.037975788116455
4.078672409057617
4.065656661987305
3.8572559356689453
3.9257736206054688
3.7939186096191406
3.6456894874572754
3.7697441577911377
3.5654382705688477
3.597609519958496
3.5460925102233887
3.4042747020721436
3.4637749195098877
3.3357396125793457
3.2432925701141357
3.2579870223999023
3.1074094772338867
3.1089909076690674
3.222344160079956
3.020430564880371
3.1467602252960205
2.912435531616211
2.9125373363494873
2.9155631065368652
2.9917280673980713
2.7295172214508057
2.709705114364624
2.690469264984131
2.8114676475524902
2.7545359134674072
2.794816493988037
2.5713698863983154
2.9575908184051514
2.4162912368774414
2.5886621475219727
2.7326085567474365
2.746635675430298
2.3285059928894043
2.309528350830078
2.3881800174713135
2.4558825492858887
2.506730079650879
2.362809658050537
2.309638500213623
2.589010000228882
2.6645009517669678
2.289473295211792
2.342970609664917
2.1741836071014404
2.2205004692077637
2.2196919918060303
2.3315534591674805
2.1302850246429443
2.2614104747772217
2.1884281635284424
2.2261085510253906
2.0383920669555664
2.087066888809204
2.1199047565460205
2.0000085830688477
2.0948219299316406
2.1669998168945312
2.021082878112793
2.080643653869629
2.313642978668213
2.140343427658081
2.161134719848633
2.0070784091949463
2.241279125213623
2.181981086730957
2.265317916870117
2.161083936691284
2.155778169631958
1.9183499813079834
2.2397732734680176
2.1195132732391357
1.9194793701171875
2.0526435375213623
2.044445753097534
2.034637451171875
1.8076586723327637
1.98360013961792
1.867843747138977
1.984407663345337
2.041654348373413
1.9638464450836182
1.8450533151626587
1.8941617012023926
1.8658219575881958
1.9788111448287964
1.878112554550171
1.8546782732009888
1.8887348175048828
1.9877879619598389
2.0113823413848877
1.8500633239746094
2.05279803276062
2.0267322063446045
1.8606629371643066
1.7518409490585327
1.956117033958435
1.9349297285079956
2.0759437084198
1.7938873767852783
1.7744014263153076
1.8336825370788574
1.9867324829101562
1.8096286058425903
1.794040322303772
1.8547189235687256
1.917618751525879
2.0380780696868896
1.9791316986083984
2.0200698375701904
2.0049638748168945
1.8378136157989502
1.8461207151412964
1.8553613424301147
1.7748292684555054
1.9139811992645264
1.9817513227462769
1.7951399087905884
2.096311092376709
1.8817384243011475
1.8472785949707031
1.785017967224121
1.974605917930603
1.801170825958252
1.9238585233688354
1.8281240463256836
1.9128119945526123
1.8971259593963623
1.931251049041748
1.8127126693725586
1.806968092918396
2.0824921131134033
1.8497138023376465
1.9730010032653809
1.8951789140701294
2.000946044921875
1.7850589752197266
1.7802257537841797
1.8825395107269287
1.6955111026763916
1.6596381664276123
2.0408973693847656
1.8205221891403198
1.7999608516693115
1.761612892150879
1.816034197807312
2.019169807434082
1.9919993877410889
1.586852788925171
1.7868415117263794
1.7673993110656738
1.8047704696655273
1.7930395603179932
1.8283641338348389
1.598935604095459
1.8244777917861938
2.1072373390197754
1.7707972526550293
1.9566630125045776
1.749305009841919
1.8350629806518555
1.6944866180419922
1.7524490356445312
1.7610607147216797
1.9457517862319946
1.8038368225097656
1.7226001024246216
1.8325324058532715
2.033590793609619
1.6794373989105225
1.8123230934143066
1.8631134033203125
1.772336483001709
1.9041821956634521
1.7352161407470703
1.6574422121047974
1.695005178451538
1.8387181758880615
1.8294799327850342
1.9037805795669556
1.7116527557373047
1.8671307563781738
1.58207106590271
1.9034855365753174
1.695336103439331
1.7571696043014526
1.8230066299438477
1.7376744747161865
1.6412451267242432
1.8013558387756348
1.7593564987182617
1.8902504444122314
1.6111085414886475
2.0038278102874756
2.0241448879241943
1.8906809091567993
1.7582502365112305
1.670568823814392
1.526982069015503
1.664123296737671
1.6305487155914307
1.728028416633606
1.945075273513794
1.8132553100585938
1.7446320056915283
1.818434476852417
1.8148820400238037
1.738369345664978
1.884782314300537
1.6498653888702393
1.8313179016113281
1.7716295719146729
1.668921947479248
1.7256412506103516
1.4492554664611816
1.8344049453735352
1.6463377475738525
1.6119905710220337
1.816014289855957
1.6827702522277832
1.8382488489151
1.6862037181854248
1.6338903903961182
1.6751866340637207
1.7653311491012573
1.7740298509597778
1.7053141593933105
1.8123780488967896
1.6857469081878662
1.7065489292144775
1.653152585029602
1.816216230392456
1.6657893657684326
1.637347936630249
1.4915149211883545
1.64496910572052
1.63486909866333
1.762061595916748
1.6764358282089233
1.6892151832580566
1.9702930450439453
1.8430209159851074
1.3951774835586548
1.823563814163208
1.829704761505127
1.7958580255508423
1.6339404582977295
1.8398010730743408
1.7264432907104492
1.6534576416015625
1.744563102722168
1.6727828979492188
1.8637330532073975
1.6724746227264404
1.6356830596923828
1.6119740009307861
1.6440927982330322
1.6035116910934448
1.6177055835723877
1.6619820594787598
1.8422116041183472
1.5184013843536377
1.6957952976226807
1.6453516483306885
1.6521196365356445
1.7741293907165527
1.7221462726593018
1.5827910900115967
1.7495067119598389
1.6768414974212646
1.7095104455947876
1.6699340343475342
1.796976089477539
1.5958616733551025
1.6872791051864624
1.8020163774490356
1.5753376483917236
1.7766525745391846
1.6825594902038574
1.7424196004867554
1.6463171243667603
1.713059663772583
1.753657341003418
1.596592903137207
1.5124742984771729
1.540558934211731
1.8140888214111328
1.7515614032745361
1.6616787910461426
1.4566370248794556
1.4534826278686523
1.6084229946136475
1.5749746561050415
1.7462784051895142
1.663507342338562
1.5948158502578735
1.6147027015686035
1.7220237255096436
1.6299238204956055
1.7801859378814697
1.4714267253875732
1.4724771976470947
1.862131953239441
1.5639910697937012
1.7089717388153076
1.5407028198242188
1.6447210311889648
1.598829746246338
1.6664495468139648
1.7553269863128662
1.699324131011963
1.7291524410247803
1.8222579956054688
1.7731339931488037
1.6028461456298828
1.6072580814361572
1.5743217468261719
1.803383231163025
1.657777190208435
1.7045338153839111
1.6397156715393066
1.3829615116119385
1.5602750778198242
1.6916731595993042
1.5253441333770752
1.7941402196884155
1.6097208261489868
1.748866081237793
1.7467443943023682
1.6386079788208008
1.7208278179168701
1.8781847953796387
1.5442678928375244
1.7189772129058838
1.698197841644287
1.5353813171386719
1.4955775737762451
1.9422621726989746
1.3911526203155518
1.8266303539276123
1.855616807937622
1.689182996749878
1.5325615406036377
1.7653100490570068
1.626523494720459
1.5939741134643555
1.6411662101745605
1.7046831846237183
1.6616613864898682
1.664975643157959
1.872736930847168
1.7564111948013306
1.5706827640533447
1.5548679828643799
1.5988444089889526
1.7284541130065918
1.7516722679138184
1.6264293193817139
1.6592055559158325
1.9159116744995117
1.5035395622253418
1.5946729183197021
1.5669889450073242
1.728593349456787
1.7397477626800537
1.6295918226242065
1.6797926425933838
1.9345036745071411
1.4733514785766602
1.6619858741760254
1.5913532972335815
1.5732380151748657
1.3548564910888672
1.4617418050765991
1.436589002609253
1.5542855262756348
1.5481922626495361
1.522026538848877
1.4893970489501953
1.4370718002319336
1.3878121376037598
1.5234872102737427
1.6535825729370117
1.5554254055023193
1.5462602376937866
1.4603334665298462
1.43418288230896
1.4975895881652832
1.2968462705612183
1.487803339958191
1.5009686946868896
1.4105408191680908
1.3965463638305664
1.4374573230743408
1.5109738111495972
1.390519142150879
1.4023528099060059
1.4415853023529053
1.4833624362945557
1.4348607063293457
1.3225061893463135
1.5034935474395752
1.4949920177459717
1.5836507081985474
1.4554871320724487
1.6564059257507324
1.449447512626648
1.5676316022872925
1.4405759572982788
1.6325452327728271
1.5447190999984741
1.567654013633728
1.3865981101989746
1.5138742923736572
1.5987614393234253
1.5001195669174194
1.3675485849380493
1.463029146194458
1.4050003290176392
1.6496772766113281
1.4141099452972412
1.3828234672546387
1.498603105545044
1.3543345928192139
1.415399432182312
1.5165367126464844
1.4139984846115112
1.6261180639266968
1.4040641784667969
1.4408609867095947
1.5368008613586426
1.4695751667022705
1.430910348892212
1.586470127105713
1.5593068599700928
1.5562505722045898
1.4410042762756348
1.3799389600753784
1.4979212284088135
1.4763567447662354
1.306296944618225
1.3754198551177979
1.4256982803344727
1.4101841449737549
1.4489355087280273
1.4618346691131592
1.4813120365142822
1.4547926187515259
1.356015682220459
1.4127585887908936
1.7059602737426758
1.528688907623291
1.6234544515609741
1.4771451950073242
1.4031977653503418
1.4530081748962402
1.300905704498291
1.3980095386505127
1.4296748638153076
1.5059925317764282
1.5557861328125
1.4220211505889893
1.6013083457946777
1.6090649366378784
1.4335622787475586
1.5743045806884766
1.464560866355896
1.5311352014541626
1.2951035499572754
1.5300663709640503
1.4057738780975342
1.480914831161499
1.5614683628082275
1.442702293395996
1.4970426559448242
1.4109454154968262
1.5818002223968506
1.6307504177093506
1.4874560832977295
1.4832082986831665
1.6172269582748413
1.5811173915863037
1.521796464920044
1.3947367668151855
1.4778029918670654
1.3474938869476318
1.4884531497955322
1.408193588256836
1.4660499095916748
1.5033278465270996
1.4804644584655762
1.4680750370025635
1.4132752418518066
1.5800212621688843
1.3524081707000732
1.6170296669006348
1.6033155918121338
1.420508623123169
1.2779161930084229
1.303300142288208
1.6363561153411865
1.5122379064559937
1.6136901378631592
1.3851890563964844
1.574758768081665
1.4537506103515625
1.4538766145706177
1.3971933126449585
1.590832233428955
1.3769195079803467
1.4618955850601196
1.6116447448730469
1.387391448020935
1.5605841875076294
1.4766499996185303
1.4136717319488525
1.4826765060424805
1.5262837409973145
1.4306211471557617
1.4112579822540283
1.4968435764312744
1.462587594985962
1.5499085187911987
1.6551945209503174
1.4456449747085571
1.3531086444854736
1.3547158241271973
1.3997743129730225
1.4079997539520264
1.4245117902755737
1.4259958267211914
1.4818804264068604
1.4539170265197754
1.4266955852508545
1.4946341514587402
1.4980807304382324
1.4626471996307373
1.5153205394744873
1.3804214000701904
1.475238561630249
1.3450093269348145
1.49398934841156
1.5587477684020996
1.4714933633804321
1.4309885501861572
1.6567857265472412
1.5787415504455566
1.601001501083374
1.4630167484283447
1.5265623331069946
1.548943281173706
1.4346275329589844
1.4685022830963135
1.295827865600586
1.5241572856903076
1.492382287979126
1.436729073524475
1.4648354053497314
1.5973315238952637
1.7656002044677734
1.3191649913787842
1.3988239765167236
1.550410270690918
1.4653382301330566
1.3473405838012695
1.4006805419921875
1.546797275543213
1.4610095024108887
1.411479115486145
1.5421850681304932
1.6167476177215576
1.382432222366333
1.5491344928741455
1.4306857585906982
1.4478353261947632
1.635073184967041
1.5988327264785767
1.4192883968353271
1.3105926513671875
1.5805656909942627
1.4156494140625
1.5366125106811523
1.36421537399292
1.4131884574890137
1.499140739440918
1.4577913284301758
1.381730556488037
1.4892948865890503
1.4689016342163086
1.540118932723999
1.4108449220657349
1.4078853130340576
1.5422031879425049
1.3777666091918945
1.593573808670044
1.303290843963623
1.580409049987793
1.3890174627304077
1.5702543258666992
1.4814763069152832
1.543511152267456
1.4799599647521973
1.3272943496704102
1.4760334491729736
1.3698738813400269
1.51478910446167
1.4760229587554932
1.4619842767715454
1.5920689105987549
1.2922723293304443
1.5153188705444336
1.468794584274292
1.4936672449111938
1.2714622020721436
1.4043712615966797
1.4025311470031738
1.4044015407562256
1.4965224266052246
1.5735173225402832
1.534442663192749
1.358101487159729
1.383519172668457
1.485024094581604
1.6040427684783936
1.4136805534362793
1.413191318511963
1.333117127418518
1.3804309368133545
1.4273920059204102
1.4896774291992188
1.4664952754974365
1.333899974822998
1.4976699352264404
1.3979222774505615
1.6359608173370361
1.4213945865631104
1.385853886604309
1.5400936603546143
1.5221972465515137
1.4814143180847168
1.4288480281829834
1.355187177658081
1.6889768838882446
1.6068799495697021
1.3151538372039795
1.4608705043792725
1.4889602661132812
1.3134454488754272
1.3841667175292969
1.390181303024292
1.4366610050201416
1.4996891021728516
1.566307783126831
1.3526194095611572
1.4918148517608643
1.4116625785827637
1.418212652206421
1.376421332359314
1.6096751689910889
1.6266555786132812
1.5348923206329346
1.5904254913330078
1.6168608665466309
1.5281751155853271
1.6578998565673828
1.3408863544464111
1.443237066268921
1.2728662490844727
1.5501905679702759
1.6632343530654907
1.6245543956756592
1.5357677936553955
1.5087672472000122
1.5796329975128174
1.4791250228881836
1.4703516960144043
1.5724132061004639
1.4290928840637207
1.4301114082336426
1.3707764148712158
1.393413782119751
1.4903615713119507
1.5356247425079346
1.4373693466186523
1.268524169921875
1.4900264739990234
1.4781382083892822
1.500011682510376
1.4845231771469116
1.396627426147461
1.4565645456314087
1.6115977764129639
1.5760409832000732
1.5123729705810547
1.3889949321746826
1.6174976825714111
1.2626800537109375
1.3963319063186646
1.4161694049835205
1.3286380767822266
1.4548072814941406
1.3796910047531128
1.5235015153884888
1.4705092906951904
1.4285008907318115
1.5301024913787842
1.4412038326263428
1.418032169342041
1.3111741542816162
1.421549677848816
1.387993574142456
1.539748191833496
1.3874542713165283
1.3300585746765137
1.4402170181274414
1.4684414863586426
1.5752432346343994
1.5300283432006836
1.5855939388275146
1.547534465789795
1.6593149900436401
1.4074382781982422
1.427628755569458
1.6567237377166748
1.438538908958435
1.3030061721801758
1.5386464595794678
1.5291469097137451
1.61405611038208
1.6055796146392822
1.5487761497497559
1.5228769779205322
1.3990352153778076
1.495387315750122
1.376785159111023
1.5071765184402466
1.3700671195983887
1.5636993646621704
1.5077908039093018
1.5014362335205078
1.453691005706787
1.3354145288467407
1.4340828657150269
1.3867809772491455
1.4316866397857666
1.2968432903289795
1.3417768478393555
1.5367045402526855
1.4547669887542725
1.3999507427215576
1.4581729173660278
1.5418353080749512
1.4834562540054321
1.5494056940078735
1.2782220840454102
1.5948903560638428
1.4601726531982422
1.5572242736816406
1.520961046218872
1.268432855606079
1.2380321025848389
1.3396505117416382
1.2534955739974976
1.4250190258026123
1.304244041442871
1.3507983684539795
1.3655757904052734
1.2063424587249756
1.2584071159362793
1.2286934852600098
1.2557814121246338
1.207451343536377
1.3108917474746704
1.2418041229248047
1.3127087354660034
1.276106595993042
1.2223469018936157
1.3828747272491455
1.2934043407440186
1.3622374534606934
1.3629957437515259
1.2715182304382324
1.3426761627197266
1.215522289276123
1.2171220779418945
1.2598048448562622
1.313750982284546
1.2902557849884033
1.2109479904174805
1.4906525611877441
1.2443346977233887
1.3828842639923096
1.3249537944793701
1.3170397281646729
1.277862310409546
1.366127371788025
1.2793738842010498
1.3437244892120361
1.2869048118591309
1.2732148170471191
1.4123070240020752
1.270425796508789
1.2905616760253906
1.2767679691314697
1.1011286973953247
1.2530605792999268
1.3700677156448364
1.4136171340942383
1.3746116161346436
1.129619836807251
1.3826878070831299
1.2901041507720947
1.4416449069976807
1.3357187509536743
1.3874282836914062
1.39591646194458
1.291487693786621
1.2330514192581177
1.2511703968048096
1.3034963607788086
1.1899933815002441
1.3070193529129028
1.211331844329834
1.3074042797088623
1.3925092220306396
1.2670323848724365
1.3514585494995117
1.12583327293396
1.3004019260406494
1.424041748046875
1.2602046728134155
1.3358103036880493
1.4197944402694702
1.3710548877716064
1.3747265338897705
1.357180118560791
1.333400845527649
1.414236068725586
1.2523012161254883
1.3851358890533447
1.3154007196426392
1.2722277641296387
1.4873042106628418
1.5298373699188232
1.348320722579956
1.2795064449310303
1.394101858139038
1.447904109954834
1.2891106605529785
1.3877495527267456
1.3887746334075928
1.277223825454712
1.1733903884887695
1.4572954177856445
1.4557039737701416
1.3250141143798828
1.2715809345245361
1.2020747661590576
1.3358696699142456
1.1864469051361084
1.349740743637085
1.451790690422058
1.4207617044448853
1.280442476272583
1.44478440284729
1.531437873840332
1.3573520183563232
1.2831320762634277
1.3700432777404785
1.326145887374878
1.3165075778961182
1.417282223701477
1.2824784517288208
1.3026212453842163
1.2407796382904053
1.3149205446243286
1.3952000141143799
1.4464240074157715
1.2473104000091553
1.3584744930267334
1.3971155881881714
1.4114176034927368
1.3039462566375732
1.2860839366912842
1.439985752105713
1.2695307731628418
1.2757408618927002
1.5425808429718018
1.4372167587280273
1.445833683013916
1.437247633934021
1.2440369129180908
1.2883453369140625
1.424963116645813
1.2956156730651855
1.273193120956421
1.1967835426330566
1.3556867837905884
1.1811909675598145
1.2621922492980957
1.430802345275879
1.2745904922485352
1.177452564239502
1.5086488723754883
1.4302337169647217
1.3051772117614746
1.3087620735168457
1.2987518310546875
1.255173683166504
1.330000400543213
1.4592921733856201
1.1976490020751953
1.3094614744186401
1.369463324546814
1.2573542594909668
1.4378231763839722
1.2280516624450684
1.2885911464691162
1.366275429725647
1.3931328058242798
1.0915319919586182
1.2903647422790527
1.3281159400939941
1.3244755268096924
1.3129945993423462
1.4040327072143555
1.3782342672348022
1.4046180248260498
1.2638044357299805
1.3883235454559326
1.1470394134521484
1.431649923324585
1.3685247898101807
1.3086278438568115
1.1797950267791748
1.5326600074768066
1.3669331073760986
1.3919830322265625
1.4629673957824707
1.500553846359253
1.2235922813415527
1.4023780822753906
1.4259305000305176
1.4294171333312988
1.2901883125305176
1.3801575899124146
1.2392882108688354
1.2579174041748047
1.3059711456298828
1.2828623056411743
1.3547207117080688
1.409872055053711
1.4158865213394165
1.2824087142944336
1.3434548377990723
1.447191834449768
1.3570741415023804
1.2567253112792969
1.3094098567962646
1.4445817470550537
1.2324397563934326
1.4656009674072266
1.611517071723938
1.3245441913604736
1.4288896322250366
1.2737329006195068
1.4355106353759766
1.418805480003357
1.41184401512146
1.4593945741653442
1.3748092651367188
1.3470319509506226
1.2343196868896484
1.3924195766448975
1.2669389247894287
1.3277709484100342
1.304246187210083
1.3882930278778076
1.2934021949768066
1.3967130184173584
1.2725017070770264
1.2187750339508057
1.4355816841125488
1.313263177871704
1.3291436433792114
1.286123514175415
1.317610740661621
1.2031431198120117
1.3242367506027222
1.3002293109893799
1.2900097370147705
1.307185411453247
1.2214242219924927
1.3348915576934814
1.197523593902588
1.4373409748077393
1.3357717990875244
1.2375919818878174
1.299196720123291
1.3609287738800049
1.2713598012924194
1.331985354423523
1.4655907154083252
1.4674255847930908
1.1826027631759644
1.261569619178772
1.2024657726287842
1.4812307357788086
1.347153902053833
1.3369969129562378
1.3620420694351196
1.3634462356567383
1.4564568996429443
1.3099398612976074
1.3420586585998535
1.4806029796600342
1.3138422966003418
1.3005799055099487
1.3437097072601318
1.254349708557129
1.3744966983795166
1.3615989685058594
1.409865140914917
1.4526921510696411
1.4438775777816772
1.3212645053863525
1.3939290046691895
1.2889373302459717
1.3278645277023315
1.5042195320129395
1.3262135982513428
1.4940955638885498
1.358727216720581
1.4509084224700928
1.3232004642486572
1.453888177871704
1.400955319404602
1.4148399829864502
1.308606743812561
1.3137505054473877
1.3557686805725098
1.3551409244537354
1.4524868726730347
1.4133132696151733
1.4369505643844604
1.226212501525879
1.4571747779846191
1.2746617794036865
1.3120448589324951
1.2638988494873047
1.4371718168258667
1.285690426826477
1.3484553098678589
1.5119540691375732
1.2354426383972168
1.3831477165222168
1.3088141679763794
1.4337066411972046
1.3405205011367798
1.2224040031433105
1.2715039253234863
1.3601362705230713
1.2852957248687744
1.3977041244506836
1.4079437255859375
1.3071624040603638
1.2908790111541748
1.4364597797393799
1.4378037452697754
1.2607983350753784
1.4267332553863525
1.3402446508407593
1.3498294353485107
1.2997653484344482
1.3237769603729248
1.2906485795974731
1.3538551330566406
1.3333367109298706
1.340322494506836
1.3407800197601318
1.2408479452133179
1.3895609378814697
1.2528630495071411
1.464343547821045
1.3662304878234863
1.425594449043274
1.3010821342468262
1.390889048576355
1.3661551475524902
1.1958086490631104
1.2777007818222046
1.2208861112594604
1.392903208732605
1.338560938835144
1.3573737144470215
1.1545391082763672
1.2043757438659668
1.4874788522720337
1.286879062652588
1.3577566146850586
1.3571155071258545
1.4364895820617676
1.2202019691467285
1.3175415992736816
1.6246312856674194
1.2862215042114258
1.320784330368042
1.4780488014221191
1.6174345016479492
1.4155528545379639
1.44856858253479
1.3768510818481445
1.2442395687103271
1.3431998491287231
1.2779849767684937
1.214430332183838
1.4216861724853516
1.3361552953720093
1.4851603507995605
1.2747375965118408
1.2804839611053467
1.3043127059936523
1.5166270732879639
1.32670259475708
1.4680593013763428
1.2615008354187012
1.2383806705474854
1.18196439743042
1.3658435344696045
1.4190962314605713
1.3641806840896606
1.386801838874817
1.3112289905548096
1.2822517156600952
1.309009313583374
1.303918480873108
1.4762585163116455
1.2917966842651367
1.5093247890472412
1.2529077529907227
1.42661714553833
1.4075475931167603
1.2311768531799316
1.1721395254135132
1.307336449623108
1.2982001304626465
1.3195761442184448
1.455061912536621
1.4149432182312012
1.7155861854553223
1.2607852220535278
1.1826891899108887
1.2866990566253662
1.2234416007995605
1.231689453125
1.3233380317687988
1.2208406925201416
1.2431488037109375
1.1927688121795654
1.2674801349639893
1.1346734762191772
1.0960620641708374
1.2571170330047607
1.312333583831787
1.1952824592590332
1.1833277940750122
1.2285529375076294
1.267984390258789
1.3301278352737427
1.148895502090454
1.2106146812438965
1.188704252243042
1.357829213142395
1.247839331626892
1.319298267364502
1.2226808071136475
1.1474006175994873
1.153287649154663
1.3098018169403076
1.2165518999099731
1.0855584144592285
1.1593899726867676
1.2700520753860474
1.213207721710205
1.2138092517852783
1.1600736379623413
1.1647700071334839
1.0906269550323486
1.1524230241775513
1.426403522491455
1.2653913497924805
1.211364507675171
1.2766249179840088
1.3623032569885254
1.1677465438842773
1.3157680034637451
1.3509764671325684
1.206137776374817
1.2303595542907715
1.3017579317092896
1.091867446899414
1.2741796970367432
1.2514441013336182
1.252596378326416
1.1974397897720337
1.185699224472046
1.2205398082733154
1.2715513706207275
1.3419690132141113
1.1889129877090454
1.164330005645752
1.3272063732147217
1.3032338619232178
1.3352893590927124
1.1540803909301758
1.2733582258224487
1.1409204006195068
1.3134777545928955
1.2529797554016113
1.1993229389190674
1.1637599468231201
1.2065420150756836
1.2488716840744019
1.2228407859802246
1.2498953342437744
1.0844426155090332
1.2588756084442139
1.2506426572799683
1.2874935865402222
1.3022572994232178
1.1697038412094116
1.1601893901824951
1.2306615114212036
1.3676226139068604
1.2380626201629639
1.2858777046203613
1.2082884311676025
1.2521660327911377
1.340860366821289
1.3504924774169922
1.1777898073196411
1.3213768005371094
1.1901185512542725
1.2430517673492432
1.198880910873413
1.3439502716064453
1.2229686975479126
1.319528341293335
1.215686559677124
1.2452998161315918
1.2016652822494507
1.217984914779663
1.292174220085144
1.2477092742919922
1.196692943572998
1.255500078201294
1.1058528423309326
1.1630967855453491
1.2124359607696533
1.1653680801391602
1.2096483707427979
1.0412260293960571
1.2116515636444092
1.162383794784546
1.090551495552063
1.3564655780792236
1.2552247047424316
1.2174962759017944
1.165543556213379
1.2835111618041992
1.267482042312622
1.2520160675048828
1.2220491170883179
1.233123779296875
1.2603073120117188
1.4385008811950684
1.2493643760681152
1.2878732681274414
1.2214915752410889
1.3165309429168701
1.2989146709442139
1.3678512573242188
1.213639736175537
1.2898237705230713
1.1413614749908447
1.4301137924194336
1.2016398906707764
1.220184326171875
1.210715889930725
1.2521259784698486
1.3243021965026855
1.2633819580078125
1.2673859596252441
1.2737562656402588
1.324125051498413
1.247718334197998
1.2789127826690674
1.2598118782043457
1.156968116760254
1.3909635543823242
1.1720670461654663
1.3142839670181274
1.1791253089904785
1.3815784454345703
1.2657701969146729
1.2729300260543823
1.1577311754226685
1.1884851455688477
1.1855485439300537
1.4283798933029175
1.163219690322876
1.2945343255996704
1.301070213317871
1.1677461862564087
1.2761285305023193
1.283457636833191
1.291208028793335
1.150644302368164
1.2382625341415405
1.142423152923584
1.1143349409103394
1.315701961517334
1.2377381324768066
1.216749906539917
1.2712817192077637
1.292118787765503
1.2592871189117432
1.188056468963623
1.201459288597107
1.374502420425415
1.308462142944336
1.1030536890029907
1.2751883268356323
1.4060702323913574
1.364990234375
1.3646124601364136
1.2713758945465088
1.202799916267395
1.1997829675674438
1.2022552490234375
1.1187632083892822
1.2099907398223877
1.1166398525238037
1.1422055959701538
1.4297767877578735
1.2623012065887451
1.334230899810791
1.1347498893737793
1.2995703220367432
1.1985256671905518
1.216822862625122
1.4176890850067139
1.2530573606491089
1.1970977783203125
1.2225151062011719
1.2270416021347046
1.5453394651412964
1.3785936832427979
1.2260804176330566
1.2193440198898315
1.4968047142028809
1.150137186050415
1.150524377822876
1.1393311023712158
1.3477532863616943
1.3045780658721924
1.2776535749435425
1.1890904903411865
1.2042334079742432
1.262995719909668
1.231226921081543
1.372737169265747
1.2252776622772217
1.4311552047729492
1.2884454727172852
1.356997013092041
1.1670334339141846
1.2890841960906982
1.282314419746399
1.1469199657440186
1.2566663026809692
1.1983323097229004
1.4115768671035767
1.2196086645126343
1.3007593154907227
1.3989721536636353
1.2813405990600586
1.50644850730896
1.1306588649749756
1.3344411849975586
1.2368977069854736
1.181895136833191
1.1697403192520142
1.177851915359497
1.2881085872650146
1.2013795375823975
1.1522533893585205
1.34454345703125
1.3407809734344482
1.200270175933838
1.2363307476043701
1.2301408052444458
1.2540053129196167
1.2754502296447754
1.2275474071502686
1.138134241104126
1.2514777183532715
1.2565633058547974
1.191227674484253
1.3591930866241455
1.2677910327911377
1.2709558010101318
1.2985916137695312
1.2025818824768066
1.2803542613983154
1.1649538278579712
1.065783977508545
1.2175124883651733
1.186974287033081
1.2230792045593262
1.2683756351470947
1.4484965801239014
1.3446362018585205
1.4798104763031006
1.4108715057373047
1.3460454940795898
1.2541897296905518
1.2316315174102783
1.1893248558044434
1.2924187183380127
1.3070728778839111
1.3765947818756104
1.1499242782592773
1.2777845859527588
1.2202918529510498
1.2349790334701538
1.2466843128204346
1.337846040725708
1.1861965656280518
1.204193353652954
1.3032146692276
1.368614912033081
1.3007144927978516
1.1970961093902588
1.2185263633728027
1.0814311504364014
1.2651387453079224
1.3437308073043823
1.2973202466964722
1.3458828926086426
1.174316167831421
1.2330735921859741
1.3474595546722412
1.1888236999511719
1.2968164682388306
1.1906144618988037
1.3425214290618896
1.26217520236969
1.247436761856079
1.2188284397125244
1.3980600833892822
1.2806448936462402
1.3887653350830078
1.2537062168121338
1.277636170387268
1.2539386749267578
1.458175539970398
1.2275903224945068
1.2918599843978882
1.2163869142532349
1.266488790512085
1.3539646863937378
1.2224195003509521
1.3785430192947388
1.109716534614563
1.2105494737625122
1.1996862888336182
1.3176149129867554
1.280049443244934
1.1790132522583008
1.3303894996643066
1.2863681316375732
1.2144520282745361
1.3510000705718994
1.2784607410430908
1.35878324508667
1.2048211097717285
1.1929900646209717
1.2153220176696777
1.2370878458023071
1.2836999893188477
1.3849141597747803
1.281571626663208
1.100962519645691
1.326059341430664
1.2760448455810547
1.249159812927246
1.2366273403167725
1.2532702684402466
1.1941684484481812
1.3666751384735107
1.2248611450195312
1.2774522304534912
1.3207515478134155
1.4974819421768188
1.31783926486969
1.27712082862854
1.1726140975952148
1.3231878280639648
1.3331537246704102
1.1593372821807861
1.4467668533325195
1.1916871070861816
1.1245568990707397
1.3749147653579712
1.3966097831726074
1.222640872001648
1.2695930004119873
1.2263085842132568
1.176909327507019
1.3966333866119385
1.217076301574707
1.2617028951644897
1.2071523666381836
1.207032322883606
1.2213857173919678
1.3184531927108765
1.3150908946990967
1.1708157062530518
1.2740719318389893
1.2878291606903076
1.4222784042358398
1.3918864727020264
1.4050335884094238
1.4186053276062012
1.3739237785339355
1.357912540435791
1.198917031288147
1.3222415447235107
1.209073781967163
1.276850938796997
1.1803882122039795
1.1002960205078125
1.1435959339141846
1.1225965023040771
1.1776167154312134
1.1702876091003418
1.323859453201294
1.216787576675415
1.169407606124878
1.2091901302337646
1.2298753261566162
1.1360377073287964
1.0676796436309814
1.1900568008422852
1.2738993167877197
1.1846826076507568
1.2062842845916748
1.1741666793823242
1.1780160665512085
1.071575403213501
1.351219654083252
1.1169687509536743
1.1178920269012451
1.1352050304412842
1.2171685695648193
1.218101978302002
1.1123287677764893
1.294053316116333
1.2026841640472412
1.076599359512329
1.1395549774169922
1.0936508178710938
1.0684411525726318
1.1828259229660034
1.1012033224105835
1.2179126739501953
1.2513593435287476
1.0935853719711304
1.2449289560317993
1.290410041809082
1.160404920578003
1.184847116470337
1.2291172742843628
1.061314582824707
1.1369121074676514
1.158581256866455
1.1459554433822632
1.2156144380569458
1.1695432662963867
1.1148383617401123
1.214690089225769
1.3582336902618408
1.1144816875457764
1.1535414457321167
1.1149557828903198
1.1621133089065552
1.1526167392730713
1.1641134023666382
1.0970282554626465
1.161680817604065
1.1815522909164429
1.1702380180358887
1.2193334102630615
1.2614703178405762
1.1572906970977783
1.0166394710540771
1.1071124076843262
1.1675465106964111
1.2070232629776
1.1970674991607666
1.1349399089813232
1.1488057374954224
1.0917062759399414
1.0892565250396729
1.2493510246276855
1.1442490816116333
1.1325763463974
1.187974214553833
1.3011281490325928
1.2081009149551392
1.124986171722412
1.2130253314971924
1.2160437107086182
1.2418160438537598
1.1420081853866577
1.2208669185638428
1.1921236515045166
1.1226723194122314
1.1170628070831299
1.105760931968689
1.112084150314331
1.1969959735870361
1.1920509338378906
1.0934016704559326
1.2321168184280396
1.1966493129730225
1.1243302822113037
1.169373869895935
1.2429839372634888
1.2063701152801514
1.2454190254211426
1.2428102493286133
1.1632440090179443
1.0792641639709473
1.2665283679962158
1.2294647693634033
1.26766836643219
1.1904008388519287
1.2086936235427856
1.3329395055770874
1.1621261835098267
1.1887145042419434
1.170924186706543
1.170499324798584
1.3217415809631348
1.2751364707946777
1.106964111328125
1.304822325706482
1.2412446737289429
1.177168846130371
1.0470623970031738
1.0499733686447144
1.302417516708374
1.1866191625595093
1.2411317825317383
1.302668571472168
0.9779263138771057
1.1041901111602783
1.1261402368545532
1.1665606498718262
1.1014008522033691
1.1076635122299194
1.110783576965332
1.2416764497756958
1.2726861238479614
0.980869472026825
1.1234400272369385
1.179470181465149
1.2802839279174805
1.2637929916381836
1.3909823894500732
1.2086635828018188
1.1516755819320679
1.1623632907867432
1.1999013423919678
1.0721726417541504
1.3559499979019165
1.152806043624878
1.1376004219055176
1.301008939743042
1.3157658576965332
1.1603879928588867
1.1515564918518066
1.2689605951309204
1.171720266342163
1.3532099723815918
1.1948599815368652
1.1712946891784668
1.0601881742477417
1.0814746618270874
1.3233253955841064
1.3994200229644775
1.1287590265274048
1.1670790910720825
1.336989164352417
1.1290637254714966
1.22568678855896
1.1157572269439697
1.1431214809417725
1.2738375663757324
1.1176859140396118
1.1518356800079346
1.1639684438705444
1.1177318096160889
1.033907413482666
1.0807784795761108
1.1737802028656006
1.18021821975708
1.1970022916793823
0.9974075555801392
1.261301040649414
1.1606038808822632
1.1557615995407104
1.13499116897583
1.226593017578125
1.2621943950653076
1.1503852605819702
1.1214982271194458
1.1430621147155762
1.2071857452392578
1.1292346715927124
1.3058497905731201
1.2470650672912598
1.0823110342025757
1.2523672580718994
1.105283498764038
1.3581252098083496
1.221550464630127
1.2182042598724365
1.3124346733093262
1.1517020463943481
1.1711894273757935
1.042291283607483
1.297529935836792
1.275421142578125
1.1427972316741943
1.1732690334320068
1.177556037902832
1.2284445762634277
1.1536684036254883
1.187455415725708
1.162922978401184
1.216949224472046
1.1503320932388306
1.2925827503204346
1.1247689723968506
1.1570428609848022
1.2411091327667236
1.1179734468460083
1.123916745185852
1.10638427734375
1.1046857833862305
1.131518006324768
1.1724430322647095
1.2002761363983154
1.2432429790496826
1.1510345935821533
1.1516990661621094
1.0669529438018799
1.1417932510375977
1.1282908916473389
1.0712227821350098
1.204982876777649
1.1010639667510986
1.1459190845489502
1.1020320653915405
1.165395975112915
1.2775059938430786
1.058851957321167
1.1682794094085693
1.201108455657959
1.2450406551361084
1.24039626121521
1.186448335647583
1.1015875339508057
1.1062790155410767
1.2088649272918701
1.1165807247161865
1.141618013381958
1.2118165493011475
1.2488503456115723
1.2236616611480713
1.2718315124511719
1.211867332458496
1.143486738204956
1.2066848278045654
1.1490793228149414
1.2883801460266113
1.3082329034805298
1.4151216745376587
1.2273321151733398
1.1459487676620483
1.2426064014434814
1.0663890838623047
1.227610468864441
1.2645578384399414
1.2069344520568848
1.2083649635314941
1.192455530166626
1.2040727138519287
1.2811167240142822
1.2571427822113037
1.2758605480194092
1.2224445343017578
1.2009432315826416
1.2107974290847778
1.194007158279419
1.1791452169418335
1.1343519687652588
1.1995984315872192
1.1920948028564453
1.1289489269256592
1.2195992469787598
1.3472461700439453
1.1687121391296387
1.1840322017669678
1.3069440126419067
1.162300705909729
1.1179713010787964
1.2692698240280151
1.1451025009155273
1.2891045808792114
1.1414990425109863
1.1789542436599731
1.182466983795166
1.1367385387420654
1.225301742553711
1.2700340747833252
1.1499366760253906
1.1705520153045654
1.2401227951049805
1.1246060132980347
1.241159439086914
1.1769481897354126
1.2446048259735107
1.2080349922180176
1.1448278427124023
1.2789475917816162
1.1609389781951904
1.1720190048217773
1.1352742910385132
1.233842372894287
1.0693385601043701
1.1176869869232178
1.2305517196655273
1.140447735786438
1.1098766326904297
1.2603671550750732
1.2355854511260986
1.2751879692077637
1.2229158878326416
1.0621118545532227
1.1659563779830933
1.118013620376587
1.1128778457641602
1.0769033432006836
1.159515619277954
1.1319701671600342
1.3472838401794434
1.2713990211486816
1.1499186754226685
1.1017346382141113
1.2499840259552002
1.2434117794036865
1.3143250942230225
1.1828947067260742
1.3001856803894043
1.1690477132797241
1.1150453090667725
1.3160940408706665
1.2180848121643066
1.3149898052215576
1.291114091873169
1.2037901878356934
1.2414826154708862
1.3165132999420166
1.3490878343582153
1.2256871461868286
1.1952435970306396
1.3273978233337402
1.167473554611206
1.1580920219421387
1.3179551362991333
1.2681713104248047
1.1955182552337646
1.31355619430542
1.252227544784546
1.2983049154281616
1.1810576915740967
1.252892017364502
1.1892033815383911
1.239599347114563
1.181162714958191
1.2561638355255127
1.0946199893951416
1.0885286331176758
1.3826119899749756
1.2299549579620361
1.205444574356079
1.1296665668487549
1.1439990997314453
1.4558472633361816
1.1817011833190918
1.0793089866638184
1.269506573677063
1.199474811553955
1.1282418966293335
1.108977198600769
1.1228044033050537
1.189039945602417
1.1431140899658203
1.2726749181747437
1.5136806964874268
1.2488672733306885
1.2665965557098389
1.1370298862457275
1.0317363739013672
1.158461093902588
1.122534155845642
1.1946648359298706
1.083137035369873
1.1087676286697388
1.2584710121154785
1.2134068012237549
1.158123254776001
1.0555074214935303
1.1532998085021973
0.9934455156326294
1.1322007179260254
1.1075851917266846
1.2200276851654053
1.114516019821167
1.0037813186645508
1.1312832832336426
1.1396186351776123
1.13942289352417
1.0747790336608887
1.0454492568969727
1.0063626766204834
1.1195396184921265
1.1810699701309204
1.126466155052185
1.0547066926956177
1.0934804677963257
1.0894407033920288
1.0561459064483643
1.1097406148910522
1.0384985208511353
1.0993045568466187
1.1286518573760986
1.1813671588897705
1.0287675857543945
1.1031635999679565
1.054345726966858
1.1447192430496216
1.0909875631332397
1.194788932800293
1.1251516342163086
1.1113967895507812
1.2846004962921143
1.1243503093719482
1.1071923971176147
1.0500682592391968
1.051270842552185
1.2074171304702759
1.1355834007263184
1.1572275161743164
1.1857142448425293
1.0865843296051025
1.0626418590545654
1.0403228998184204
1.0567042827606201
1.1166443824768066
1.1125901937484741
1.0514832735061646
1.1623713970184326
1.2183263301849365
1.2170796394348145
1.0099012851715088
1.137745976448059
1.0767178535461426
1.149662971496582
1.1521915197372437
1.0656688213348389
1.1469242572784424
1.2208127975463867
1.110921025276184
1.1932260990142822
1.15958571434021
1.0090649127960205
1.038970708847046
1.1622651815414429
1.182691216468811
1.0481220483779907
1.198387622833252
1.222062349319458
1.1430720090866089
1.0662270784378052
1.102472186088562
1.2191697359085083
1.1487094163894653
1.1505680084228516
1.1510649919509888
1.2257466316223145
1.1583974361419678
1.0727919340133667
1.089872121810913
1.198157787322998
1.1140823364257812
1.1284091472625732
1.071818232536316
1.1386299133300781
1.0909324884414673
1.1428899765014648
0.9926222562789917
1.0383329391479492
1.155356526374817
1.090891718864441
1.125885009765625
1.2220714092254639
1.174881935119629
1.0883219242095947
1.1149656772613525
1.2228453159332275
1.1287977695465088
1.1693452596664429
1.1490952968597412
1.2309749126434326
1.114061713218689
1.214193344116211
1.1393415927886963
1.136698842048645
1.1487995386123657
1.256056785583496
1.3338816165924072
1.1853785514831543
1.0680763721466064
1.1995153427124023
1.0828498601913452
1.0808470249176025
1.0951769351959229
1.0922856330871582
1.166487216949463
1.1420834064483643
1.1154426336288452
1.0963804721832275
1.1292214393615723
1.1772105693817139
1.1229405403137207
1.1009855270385742
1.090965747833252
1.2234580516815186
1.115545392036438
1.152083396911621
1.0262835025787354
1.2600404024124146
1.1601649522781372
1.0906702280044556
1.2492727041244507
1.1871130466461182
1.0360159873962402
1.153940200805664
1.13046395778656
1.1659791469573975
1.2063684463500977
1.1087918281555176
1.2064790725708008
1.1944105625152588
1.06345796585083
1.0562548637390137
1.2102580070495605
1.1350929737091064
1.1877747774124146
1.0707935094833374
1.2354962825775146
1.1237573623657227
1.298485517501831
1.149965524673462
1.2322278022766113
1.2082159519195557
1.0303279161453247
1.0306875705718994
1.071742296218872
1.2129665613174438
1.1943473815917969
1.2546851634979248
1.1208207607269287
1.0901492834091187
1.212227463722229
1.2628660202026367
1.1390324831008911
1.2191505432128906
1.2914643287658691
1.1133339405059814
1.1888947486877441
1.042060375213623
1.1168237924575806
1.3184161186218262
1.097215175628662
1.1714431047439575
1.1212902069091797
1.1799471378326416
1.2263776063919067
1.2093459367752075
1.1468398571014404
1.1432944536209106
1.1526811122894287
1.1767513751983643
1.2136435508728027
1.1234560012817383
1.0955982208251953
1.2584277391433716
1.1007921695709229
1.2626681327819824
1.0734038352966309
1.3411725759506226
1.132279634475708
1.1816737651824951
1.1852954626083374
1.2587425708770752
1.071940541267395
1.1704785823822021
1.2349413633346558
1.1174999475479126
1.1771509647369385
1.1317775249481201
1.1885523796081543
1.1851632595062256
1.1905608177185059
1.1179125308990479
1.1348193883895874
1.086842656135559
1.2758684158325195
1.0743680000305176
1.2362191677093506
1.1724469661712646
1.0989649295806885
1.0594139099121094
1.169452428817749
1.0970312356948853
1.1668074131011963
1.1231871843338013
1.1823428869247437
1.3171870708465576
1.1501009464263916
1.121830701828003
1.2622246742248535
1.1008902788162231
1.2111995220184326
1.1844277381896973
1.1055212020874023
1.0582003593444824
1.1657369136810303
1.1899826526641846
1.1003177165985107
1.017332911491394
1.1051406860351562
1.0804251432418823
1.0819261074066162
1.2805500030517578
1.1412684917449951
1.1063191890716553
1.1315340995788574
1.113723635673523
1.0997034311294556
1.1513441801071167
1.1941895484924316
1.199244737625122
1.1415269374847412
1.2364881038665771
1.1595375537872314
1.2679712772369385
1.0970616340637207
1.0146821737289429
1.133653163909912
1.003026008605957
1.2557215690612793
1.0869057178497314
1.2933292388916016
1.133451223373413
1.1476582288742065
1.033780574798584
1.122944951057434
1.1826441287994385
1.1434067487716675
1.228722333908081
1.2108714580535889
1.0938079357147217
1.0892198085784912
1.128567099571228
1.2497811317443848
1.18416428565979
1.1632453203201294
1.196639060974121
1.0799782276153564
1.1585705280303955
1.1738381385803223
1.2265853881835938
1.1668999195098877
1.1436305046081543
1.3052773475646973
1.1005640029907227
1.2965377569198608
1.116701364517212
1.3282904624938965
1.1738903522491455
1.2292041778564453
1.1123613119125366
1.3449268341064453
1.0012998580932617
1.225800633430481
1.124214768409729
1.0539478063583374
1.4420568943023682
1.1319799423217773
1.2130539417266846
1.1993334293365479
1.181335210800171
1.0881085395812988
1.1699929237365723
1.1680819988250732
1.2413198947906494
1.0718109607696533
1.0763394832611084
1.1667412519454956
1.1112598180770874
1.2249057292938232
1.2444112300872803
1.324195146560669
1.2300292253494263
1.2909421920776367
1.326886773109436
1.1969735622406006
0.9903970956802368
1.1980503797531128
1.2015650272369385
1.1619731187820435
1.1008367538452148
1.160819411277771
1.1564795970916748
1.145468831062317
1.148041009902954
1.2588473558425903
1.1697784662246704
1.0120317935943604
1.2807981967926025
1.148160457611084
1.2681820392608643
1.106293797492981
1.1932358741760254
1.1994588375091553
1.106022596359253
1.1653618812561035
1.2117503881454468
1.2011702060699463
1.0506932735443115
1.1354146003723145
1.111820936203003
1.1663249731063843
1.2271723747253418
1.130263328552246
1.1828038692474365
1.1078450679779053
1.1585952043533325
1.3465378284454346
1.101134181022644
1.1272326707839966
1.2106263637542725
1.1001908779144287
1.2285590171813965
1.1563184261322021
1.0215742588043213
1.099237084388733
1.0594722032546997
1.1995683908462524
1.0936107635498047
1.2985411882400513
1.107638955116272
1.097880482673645
1.110641598701477
1.1527149677276611
1.2454860210418701
1.2292206287384033
1.1508177518844604
1.238907814025879
1.3244253396987915
1.2124719619750977
1.0744633674621582
1.1347850561141968
1.159133791923523
1.2569339275360107
1.2181448936462402
1.2671356201171875
1.1157302856445312
1.2073861360549927
1.3260376453399658
1.129837155342102
1.246530294418335
1.2320054769515991
1.198801040649414
1.2813434600830078
1.2086467742919922
1.1705060005187988
1.1532775163650513
1.1574848890304565
1.0715336799621582
1.1681768894195557
1.1423041820526123
1.171802043914795
1.069922685623169
1.2512648105621338
1.1505345106124878
1.0547304153442383
1.0660535097122192
0.9670366048812866
1.1561987400054932
1.079542875289917
1.0680220127105713
1.0708824396133423
0.988116979598999
1.0407347679138184
1.1000040769577026
1.1176609992980957
1.043914794921875
1.140137791633606
1.0150790214538574
1.035771131515503
0.9664829969406128
1.0130828619003296
1.1647415161132812
1.1722925901412964
1.1412937641143799
1.0733487606048584
1.0407993793487549
1.1146162748336792
1.1263458728790283
1.0877678394317627
0.9882527589797974
1.230114221572876
1.1451945304870605
1.1722712516784668
1.0361169576644897
1.1000759601593018
1.110630989074707
1.1410362720489502
1.0790354013442993
1.0227200984954834
1.2835257053375244
1.030474066734314
1.051720380783081
1.0528309345245361
1.1194287538528442
1.0445114374160767
1.0849590301513672
1.2156776189804077
1.2051773071289062
1.155466079711914
1.0426127910614014
1.1178401708602905
1.1373847723007202
1.033400535583496
0.9862371683120728
0.9945615530014038
1.0800474882125854
1.0427069664001465
1.1178327798843384
1.0973827838897705
1.0837770700454712
1.0581833124160767
1.043502926826477
1.1631063222885132
1.0401171445846558
1.0829391479492188
1.1468158960342407
1.0411351919174194
1.1549679040908813
1.1908479928970337
0.9806077480316162
1.1447198390960693
1.153592586517334
1.0893845558166504
1.0918474197387695
1.0950019359588623
1.0721441507339478
0.980263352394104
1.0764644145965576
1.018392562866211
1.0967055559158325
1.0895860195159912
1.1997356414794922
1.171720266342163
1.0379040241241455
1.0851505994796753
1.006527066230774
1.0110573768615723
1.1612193584442139
1.1219122409820557
1.0437872409820557
1.1339514255523682
1.0914454460144043
1.1489019393920898
1.0543452501296997
1.1421189308166504
1.1435420513153076
0.9956011176109314
1.3425471782684326
1.1365212202072144
1.0776095390319824
1.013333797454834
1.0674611330032349
1.0479612350463867
1.0480884313583374
1.2262941598892212
1.1722071170806885
1.053173542022705
1.1061971187591553
1.01517915725708
1.037899374961853
1.0471047163009644
1.0948117971420288
1.1803984642028809
1.0215246677398682
1.1898177862167358
1.0118587017059326
1.133873462677002
1.06281316280365
1.1377073526382446
1.0117326974868774
1.0463491678237915
0.9999884366989136
1.1180797815322876
1.0192986726760864
1.1091984510421753
1.0700603723526
1.1384001970291138
1.1677393913269043
1.0140949487686157
1.1432616710662842
1.0910166501998901
0.9813697338104248
1.04534912109375
1.0208640098571777
0.9437702298164368
1.158302664756775
1.1178526878356934
1.067814826965332
1.1729176044464111
1.093189001083374
1.320497751235962
1.0377686023712158
1.0488102436065674
1.167011022567749
1.1941596269607544
1.1636534929275513
1.1589077711105347
1.2101980447769165
1.1411644220352173
1.0773110389709473
1.1387076377868652
1.218658685684204
1.1204042434692383
1.1457576751708984
1.2036875486373901
1.125291347503662
1.1665220260620117
1.1384618282318115
1.1612775325775146
1.1389634609222412
1.1099438667297363
1.0712144374847412
1.1720662117004395
1.1783537864685059
1.0645337104797363
1.0484890937805176
1.1079846620559692
1.1275126934051514
1.1298563480377197
1.208662509918213
1.0170819759368896
1.083106517791748
1.105318546295166
1.1183812618255615
1.3262975215911865
1.0701417922973633
1.0196874141693115
1.0211231708526611
1.0699777603149414
1.206291913986206
1.2425178289413452
1.1194614171981812
1.1069848537445068
1.0760326385498047
1.0657371282577515
1.1161003112792969
1.050057053565979
1.053971529006958
1.0702238082885742
1.1346312761306763
1.1762418746948242
1.0847967863082886
1.057427167892456
1.0817501544952393
1.1422004699707031
1.116057276725769
1.10014009475708
1.0606756210327148
1.1077821254730225
1.0917510986328125
1.087445616722107
1.1473920345306396
1.0722525119781494
1.0737007856369019
1.0753264427185059
1.0827747583389282
1.1170895099639893
1.067989468574524
1.0845071077346802
1.1619573831558228
1.0680042505264282
1.162589192390442
1.097676157951355
1.09357750415802
1.1037468910217285
1.049019455909729
1.0503172874450684
1.2029308080673218
1.1177101135253906
1.146483063697815
1.1675961017608643
1.1428605318069458
1.1071784496307373
1.147462248802185
1.145463466644287
1.1074519157409668
1.159786343574524
1.0360708236694336
1.0326642990112305
1.266052007675171
1.0747514963150024
1.142326831817627
1.108803153038025
0.9893715381622314
1.1195478439331055
1.032128095626831
1.102635383605957
1.1714152097702026
1.0385007858276367
1.1060658693313599
1.0717005729675293
1.1582244634628296
1.008010745048523
1.1210646629333496
1.163521647453308
1.0985153913497925
1.0994458198547363
1.1315863132476807
1.2011840343475342
1.0606509447097778
1.0165396928787231
1.0752712488174438
1.1329265832901
0.9889703989028931
1.0959335565567017
1.1080482006072998
1.1790095567703247
1.054081678390503
1.205697774887085
1.1727665662765503
1.170447826385498
1.071330189704895
1.045720100402832
1.052378535270691
1.0659492015838623
1.1554566621780396
1.0691815614700317
1.1059843301773071
1.184411644935608
1.13136625289917
1.0835652351379395
1.0609334707260132
1.2067034244537354
1.2359037399291992
1.106089472770691
1.123261570930481
1.1007740497589111
1.139697790145874
1.0057322978973389
1.279780626296997
1.0277279615402222
0.9992940425872803
1.1301835775375366
1.125295877456665
1.1291927099227905
1.1544924974441528
1.0644679069519043
1.1170552968978882
1.0818474292755127
1.1328092813491821
1.2407221794128418
1.2225923538208008
1.1916038990020752
1.0749330520629883
1.1654046773910522
1.0495729446411133
1.3265705108642578
1.0456316471099854
1.0588690042495728
1.1772360801696777
1.0775420665740967
1.0771933794021606
1.2075293064117432
1.0643022060394287
1.0518418550491333
1.106381893157959
1.1014671325683594
1.1879315376281738
1.0064876079559326
1.1903274059295654
1.1822474002838135
1.1396616697311401
1.1521377563476562
1.1400305032730103
1.0897581577301025
1.061248540878296
1.1350983381271362
1.2074429988861084
1.1057584285736084
1.03635835647583
1.0641908645629883
1.2476959228515625
1.1127371788024902
0.9864279627799988
1.0955321788787842
1.0283138751983643
1.077340006828308
1.1521317958831787
1.1563917398452759
1.129775047302246
1.1511898040771484
1.1088863611221313
1.0499931573867798
1.1030783653259277
1.2223632335662842
1.1046584844589233
1.0301926136016846
1.3106248378753662
1.3200960159301758
1.2508535385131836
1.0279934406280518
1.1701442003250122
1.1091517210006714
1.0527849197387695
1.1961945295333862
1.233626127243042
1.1966934204101562
1.0320863723754883
1.0716278553009033
1.1204535961151123
1.2947498559951782
1.0828685760498047
0.9677854776382446
1.1337820291519165
1.1057748794555664
1.0919439792633057
1.2052979469299316
1.0496385097503662
1.0723280906677246
1.1526890993118286
0.9978210926055908
1.088752031326294
1.0318435430526733
1.1467894315719604
1.116398811340332
1.1654326915740967
1.148320198059082
1.26730215549469
1.3037657737731934
1.2050213813781738
1.1413636207580566
1.101494312286377
1.1847035884857178
1.190307378768921
1.0278489589691162
1.1798570156097412
1.0706123113632202
1.076798439025879
1.1650131940841675
1.0302364826202393
1.22621750831604
1.1323416233062744
0.980144739151001
1.0576626062393188
1.0859160423278809
1.0537452697753906
1.1328332424163818
1.1184338331222534
1.2397245168685913
1.209535002708435
1.1991016864776611
1.1672159433364868
1.0694952011108398
1.1759188175201416
1.203125238418579
1.0818144083023071
1.1184405088424683
1.0074310302734375
1.1156995296478271
1.0471794605255127
1.003686785697937
0.9712481498718262
1.0359238386154175
1.190922498703003
1.0800620317459106
0.9852930903434753
1.087144374847412
1.0660195350646973
1.1336462497711182
1.0813987255096436
1.0509898662567139
0.9602922201156616
1.006055235862732
1.0747556686401367
1.0833969116210938
1.1315298080444336
1.1087433099746704
0.9998005628585815
0.9827765226364136
1.0011498928070068
1.1242512464523315
1.01278817653656
0.9300625920295715
1.0595924854278564
1.0076617002487183
1.0462756156921387
1.0234723091125488
1.0400710105895996
1.1962767839431763
1.0280851125717163
0.9721587896347046
1.0822405815124512
0.958824872970581
1.0274571180343628
1.073906660079956
1.0852153301239014
1.0414798259735107
1.1808197498321533
0.9904104471206665
0.9895576238632202
1.0207780599594116
1.0705389976501465
1.1377532482147217
1.062850832939148
1.0240758657455444
1.0226097106933594
1.0913255214691162
1.0212599039077759
1.090713381767273
0.9742571115493774
1.0548226833343506
1.018707036972046
1.0702730417251587
1.0418847799301147
1.1387786865234375
1.0786066055297852
1.1637675762176514
1.1515636444091797
1.0299240350723267
0.9635336995124817
0.9749317765235901
1.0254976749420166
1.1064494848251343
1.0635199546813965
1.0476889610290527
1.0434516668319702
1.0387730598449707
0.9576061367988586
1.0558383464813232
1.1159772872924805
1.0376873016357422
0.9931429624557495
1.2098344564437866
1.0961494445800781
1.0786055326461792
1.0653926134109497
1.0853403806686401
1.0026941299438477
1.095212459564209
0.9822273254394531
1.1279702186584473
1.0328888893127441
1.1348856687545776
1.061659336090088
1.0668187141418457
1.02544367313385
1.1433625221252441
1.1060011386871338
0.956960916519165
0.9777951240539551
1.1480159759521484
1.0643939971923828
1.0161439180374146
1.0670708417892456
1.0162625312805176
1.1274185180664062
1.087363362312317
1.0593223571777344
1.0921962261199951
1.0917037725448608
1.049497365951538
1.1173146963119507
1.0335547924041748
0.9427325129508972
1.1448911428451538
1.049200415611267
1.0547239780426025
1.1175906658172607
1.0213249921798706
1.1077766418457031
1.0473599433898926
1.162197470664978
1.008955717086792
1.0053331851959229
1.0822255611419678
1.0075271129608154
1.0242999792099
1.1484007835388184
1.078500509262085
1.0737144947052002
1.0206369161605835
1.0074633359909058
1.080141305923462
1.096490502357483
1.1544421911239624
1.1922948360443115
1.2034344673156738
1.0842498540878296
1.0367624759674072
1.0353150367736816
1.1351672410964966
0.9943389296531677
1.053874135017395
1.0586251020431519
1.0339462757110596
1.1087582111358643
1.0176384449005127
0.9587240219116211
1.085433006286621
1.1512950658798218
0.9487951993942261
1.008518099784851
1.1159459352493286
1.1545408964157104
1.0022801160812378
1.094196081161499
1.1861684322357178
1.1664690971374512
1.0844628810882568
1.097368836402893
1.0306246280670166
1.1677254438400269
0.9915036559104919
1.0603817701339722
1.0513927936553955
1.0482690334320068
1.1993235349655151
1.0767433643341064
1.2048125267028809
1.1086210012435913
1.0691492557525635
1.1124030351638794
1.097454309463501
1.1160368919372559
1.194840908050537
1.0829522609710693
1.1214622259140015
1.1132155656814575
1.038791537284851
1.1106237173080444
1.0614633560180664
1.0566165447235107
1.1059556007385254
1.1410833597183228
1.0883517265319824
0.9858417510986328
1.0517913103103638
1.0605467557907104
1.1308120489120483
1.0320534706115723
1.033034324645996
1.0486114025115967
1.043760061264038
1.0298112630844116
1.0779386758804321
1.191596508026123
1.0353829860687256
1.1162490844726562
1.0263134241104126
1.1095640659332275
1.166717529296875
1.105928659439087
1.0119328498840332
1.0260396003723145
1.017035961151123
0.9791167974472046
0.9895682334899902
1.0639153718948364
1.1322896480560303
1.1272025108337402
1.1403510570526123
1.002841830253601
1.1589226722717285
1.153557538986206
1.0922975540161133
1.0955257415771484
1.0834239721298218
1.1290099620819092
1.0828388929367065
1.0193023681640625
1.1083437204360962
1.1028802394866943
1.1449956893920898
1.1290547847747803
1.1039307117462158
1.094176173210144
1.0430569648742676
1.0820127725601196
1.144949197769165
1.0610281229019165
1.0275990962982178
1.0326963663101196
1.1560008525848389
1.1830412149429321
1.0387465953826904
1.1835873126983643
1.057749629020691
1.0722979307174683
1.0992825031280518
1.1393864154815674
0.9929348230361938
1.1220662593841553
1.063062310218811
1.0454257726669312
1.0995153188705444
1.1572058200836182
1.0393577814102173
1.087581753730774
1.093753457069397
1.043935775756836
1.1599276065826416
1.137904167175293
1.1903669834136963
1.031610369682312
1.0471160411834717
1.1590088605880737
1.1365047693252563
1.1591590642929077
1.1148672103881836
1.2220474481582642
1.1769957542419434
1.0984514951705933
1.1769335269927979
1.0331954956054688
1.1103458404541016
1.0446414947509766
1.151445746421814
1.1241774559020996
1.0828027725219727
1.0743167400360107
1.0749952793121338
1.1102896928787231
1.164111852645874
1.0184954404830933
1.0895050764083862
1.1239612102508545
1.1486217975616455
1.1164606809616089
1.0558536052703857
1.1369752883911133
1.2523765563964844
1.1303447484970093
1.0969830751419067
1.1758670806884766
1.2366321086883545
1.1899218559265137
1.1112914085388184
1.1280255317687988
1.1482036113739014
1.137364149093628
1.095642328262329
1.1641452312469482
1.11548912525177
1.1591452360153198
1.1230453252792358
1.1837446689605713
1.0212903022766113
1.018353819847107
1.2046196460723877
1.049424409866333
1.1251024007797241
1.2423934936523438
1.0609029531478882
1.0627156496047974
1.142163634300232
0.9836667776107788
1.034989356994629
1.1099021434783936
1.077263355255127
1.035520315170288
1.1404023170471191
1.0715138912200928
1.0898549556732178
1.0322701930999756
0.9662942290306091
1.0127588510513306
1.098663568496704
1.082968831062317
1.0746684074401855
1.1276822090148926
1.0506659746170044
1.0621771812438965
1.0655102729797363
1.057600975036621
1.0769178867340088
1.009629487991333
1.1674820184707642
1.0617928504943848
1.1486687660217285
1.1938682794570923
1.1806399822235107
1.0095129013061523
1.153900384902954
1.1252930164337158
1.0802748203277588
1.220017433166504
1.165489673614502
1.1680814027786255
1.0102992057800293
1.1498104333877563
1.1655012369155884
1.0354392528533936
1.033536434173584
1.1123627424240112
1.1607134342193604
0.9780387878417969
1.1565687656402588
1.0425891876220703
1.036789894104004
1.09023118019104
1.1002347469329834
1.1594241857528687
0.9755419492721558
1.1020948886871338
1.2353253364562988
1.1520490646362305
1.0727111101150513
1.1137616634368896
1.1372795104980469
1.1736067533493042
1.0944938659667969
0.9887237548828125
1.2988306283950806
1.0654288530349731
1.0406138896942139
1.0961402654647827
1.0420979261398315
1.1298699378967285
1.0518912076950073
1.1188349723815918
1.1393399238586426
1.143378734588623
1.1612049341201782
1.076888084411621
1.0954174995422363
1.2039583921432495
0.9668887853622437
1.0785648822784424
1.0986037254333496
1.1420503854751587
1.1312357187271118
1.0683166980743408
1.2469408512115479
1.137727975845337
1.111641526222229
1.121637225151062
1.0899337530136108
1.1553099155426025
1.1682398319244385
1.105588674545288
1.274972677230835
1.2469334602355957
1.3279039859771729
1.1330175399780273
1.1173055171966553
1.1558008193969727
1.0349403619766235
1.0484201908111572
1.0518381595611572
1.1579121351242065
1.0966386795043945
1.0743699073791504
1.0093395709991455
1.1592612266540527
1.0375944375991821
1.0657415390014648
1.1418399810791016
1.0602238178253174
1.0352681875228882
1.1351206302642822
1.1293933391571045
1.048875093460083
1.1002278327941895
1.1739182472229004
1.007926344871521
1.0403153896331787
1.05312180519104
0.9756831526756287
0.9876227378845215
0.9908187389373779
1.0500565767288208
1.1037651300430298
1.0596603155136108
1.0152934789657593
0.9703027606010437
1.0561652183532715
1.0915148258209229
1.0215649604797363
1.1236324310302734
1.0245351791381836
1.0808998346328735
1.0459009408950806
1.0234261751174927
1.0765578746795654
1.0436389446258545
1.083447813987732
0.9760482311248779
1.0746009349822998
1.0510233640670776
1.0775251388549805
1.0438966751098633
1.0867209434509277
1.0616631507873535
0.9432564973831177
1.0189565420150757
1.029929757118225
1.0855945348739624
0.982895016670227
1.173163890838623
1.131704568862915
1.0443378686904907
1.0322962999343872
1.1870226860046387
1.0263550281524658
0.9580717086791992
1.0643484592437744
0.9164420366287231
1.0326087474822998
1.0884158611297607
1.0267343521118164
1.1127936840057373
1.067692518234253
0.9781234264373779
1.0374796390533447
1.070253849029541
1.0538361072540283
1.0598021745681763
0.9880114793777466
0.9914537668228149
1.0345253944396973
1.0539189577102661
1.0623759031295776
1.1633903980255127
1.0465623140335083
1.0024102926254272
0.999576985836029
0.9941331148147583
1.0898263454437256
1.2159695625305176
1.0109243392944336
1.1254146099090576
1.1907758712768555
0.9828996658325195
1.0037405490875244
1.009896159172058
1.1327557563781738
1.071587085723877
1.1378140449523926
1.0333043336868286
1.1246278285980225
0.9701353311538696
1.155590295791626
1.0848339796066284
0.9543276429176331
1.161948323249817
1.0389105081558228
1.1053199768066406
1.084287166595459
1.0709004402160645
1.0114690065383911
1.1139651536941528
1.0609939098358154
1.0521718263626099
1.0717641115188599
1.171003818511963
1.0393949747085571
1.004518747329712
1.097486972808838
1.0947999954223633
1.1153358221054077
1.083038568496704
1.0242071151733398
1.0423504114151
1.178430199623108
0.9907982349395752
0.9203161597251892
0.9775066375732422
1.0303761959075928
1.005294919013977
1.2282297611236572
1.0420767068862915
1.01869535446167
1.028221607208252
1.0705513954162598
0.9430031776428223
1.139521598815918
1.0046372413635254
1.0570788383483887
0.9589525461196899
1.0081148147583008
1.1198315620422363
1.0672093629837036
1.0574557781219482
1.0361099243164062
0.9672586917877197
0.996484637260437
1.0161988735198975
1.070424199104309
1.1235990524291992
1.1381386518478394
1.1245367527008057
0.9287426471710205
1.046290397644043
1.0886412858963013
0.9818787574768066
1.1042112112045288
1.063500165939331
0.9859356880187988
1.0804624557495117
0.9757362008094788
1.1394000053405762
1.1762856245040894
1.1535453796386719
1.1418967247009277
0.9189710021018982
1.0371105670928955
1.026829719543457
1.044359564781189
1.1699179410934448
0.9839231967926025
1.0566694736480713
1.0286004543304443
1.096755862236023
1.0983226299285889
1.112419605255127
1.1646744012832642
1.014120101928711
0.9739336967468262
1.0964577198028564
1.1378482580184937
1.131420612335205
0.9399400949478149
1.219639539718628
1.0628457069396973
1.0210312604904175
0.994072675704956
1.082243800163269
1.1005674600601196
0.9800602197647095
0.9873532652854919
1.0293835401535034
1.1316747665405273
1.075429916381836
1.046544075012207
1.0819674730300903
1.1445300579071045
0.9776992797851562
1.05670166015625
1.0660183429718018
1.0807217359542847
0.9818524122238159
0.9830470681190491
1.111203908920288
1.2151646614074707
0.9409192800521851
1.0798296928405762
1.12152898311615
1.1238927841186523
1.0133665800094604
1.1678069829940796
1.0675718784332275
1.1191339492797852
0.9765775203704834
1.0967509746551514
1.0551687479019165
0.9913929104804993
1.1011978387832642
1.0066996812820435
1.0820635557174683
0.9807103872299194
1.1280744075775146
1.045344352722168
1.0455001592636108
1.0288457870483398
1.021949052810669
1.0132957696914673
1.1227283477783203
1.1319429874420166
1.009507179260254
1.0749002695083618
1.1380568742752075
1.0319654941558838
0.9918403625488281
0.9843802452087402
1.006395936012268
1.0336949825286865
1.090386986732483
1.0290225744247437
1.2379019260406494
1.0889545679092407
1.1058902740478516
0.9845563173294067
1.1195530891418457
1.0017420053482056
1.1181131601333618
1.0823557376861572
0.9915780425071716
1.0287681818008423
1.0509930849075317
1.042724609375
1.0705945491790771
1.0065784454345703
0.9889630079269409
1.1334190368652344
1.0730377435684204
1.033036470413208
1.01475191116333
0.9569504857063293
0.9144579172134399
1.02194082736969
1.040436029434204
1.0135165452957153
1.0227335691452026
0.9969656467437744
1.1381698846817017
1.0827751159667969
1.0534851551055908
1.1583201885223389
1.1088626384735107
1.027310848236084
1.0609604120254517
1.000392198562622
1.060767650604248
1.01337468624115
1.0724589824676514
1.1227039098739624
1.11562979221344
1.1277384757995605
1.2608264684677124
1.0982651710510254
1.245190143585205
0.9997851848602295
0.9917168021202087
1.0555320978164673
1.0079586505889893
1.0203831195831299
1.1436864137649536
1.0627886056900024
1.0803650617599487
0.996979296207428
1.0613958835601807
0.990476131439209
1.0341753959655762
1.0391236543655396
1.0982224941253662
1.093843936920166
1.112802267074585
1.011689305305481
1.1373742818832397
1.0334142446517944
1.1263022422790527
1.1959030628204346
1.1219589710235596
1.1527247428894043
1.0612174272537231
1.0722005367279053
1.1517283916473389
1.0305397510528564
1.1543660163879395
1.09873628616333
1.0197546482086182
1.0394837856292725
1.1020779609680176
1.0752854347229004
1.0880529880523682
1.0828107595443726
1.2272043228149414
1.0896786451339722
1.168311357498169
0.9611257910728455
1.1896611452102661
1.1335967779159546
1.0887316465377808
1.0633506774902344
1.1534663438796997
1.11085844039917
1.0660542249679565
0.9894792437553406
1.0753085613250732
1.0085252523422241
1.0911879539489746
1.0975286960601807
1.1695306301116943
0.9969056844711304
1.068658709526062
1.0983352661132812
0.9858553409576416
1.0616936683654785
1.1153650283813477
1.03518545627594
1.0655615329742432
1.1324806213378906
1.0320940017700195
1.079148769378662
1.0679360628128052
1.1886366605758667
1.1059626340866089
0.9885708093643188
1.029380202293396
0.9977537393569946
0.9781920909881592
1.1195029020309448
1.0340495109558105
1.0806151628494263
1.022043228149414
0.9845315217971802
1.0653400421142578
1.2346465587615967
1.1347222328186035
1.0803444385528564
1.021996021270752
1.0557656288146973
1.081857442855835
1.0419636964797974
1.1370536088943481
1.0626447200775146
1.060416579246521
1.1199729442596436
1.030044436454773
1.0798128843307495
1.0592173337936401
1.0783755779266357
1.1122859716415405
1.0508733987808228
1.2106716632843018
1.0789415836334229
1.2134380340576172
1.0438402891159058
1.0533454418182373
0.933153510093689
1.010303020477295
1.1724375486373901
1.1440339088439941
1.1035465002059937
1.170701026916504
1.145491123199463
1.3095180988311768
1.0510120391845703
1.120805263519287
0.9961528182029724
1.1673991680145264
1.1020524501800537
1.1163992881774902
1.0737743377685547
1.186464548110962
1.099924087524414
1.0044320821762085
1.0171970129013062
1.0729928016662598
0.9591472148895264
0.9896097183227539
1.113994836807251
1.0714740753173828
1.0073784589767456
0.9710788726806641
0.9856849312782288
1.0389697551727295
0.9983457326889038
1.021772861480713
1.090610384941101
1.1127264499664307
1.0046111345291138
0.923848032951355
1.016562819480896
1.0207911729812622
1.0454813241958618
0.9834022521972656
0.888687014579773
0.9330171346664429
1.074366569519043
1.0969035625457764
0.9850156307220459
1.1115572452545166
1.0670305490493774
1.0338383913040161
0.9522472620010376
1.0486663579940796
0.9029740691184998
0.9650618433952332
1.1028945446014404
1.1523326635360718
1.111093521118164
1.025408148765564
1.1073663234710693
1.0124083757400513
1.0819625854492188
0.9965786933898926
1.0463366508483887
0.9488117694854736
1.0472843647003174
1.0678396224975586
1.0513514280319214
0.9848150014877319
1.1036276817321777
1.051212191581726
1.1021196842193604
1.0784215927124023
1.0673565864562988
1.0164999961853027
1.045824408531189
1.0149544477462769
1.028206706047058
1.085947871208191
1.1307817697525024
0.9807305335998535
1.0149109363555908
0.9543972015380859
1.0682477951049805
0.9173639416694641
0.9970579147338867
0.9972004890441895
0.9834219217300415
1.008181095123291
1.0103204250335693
1.0182405710220337
0.9080307483673096
1.0177538394927979
1.013758897781372
0.8863417506217957
0.9488871097564697
1.131392240524292
0.9432352781295776
1.0531905889511108
1.0194240808486938
0.9808444976806641
1.0011415481567383
1.0469039678573608
1.0212295055389404
1.0403833389282227
1.0813595056533813
0.9482983946800232
1.1201329231262207
1.1038230657577515
1.0646852254867554
1.0958995819091797
1.1273932456970215
0.9601494073867798
1.0442500114440918
1.080636739730835
1.0521955490112305
1.0119214057922363
0.9249498844146729
1.0091111660003662
1.0772935152053833
1.0498915910720825
0.990904688835144
1.0447741746902466
0.9650326371192932
0.9934839010238647
1.0251307487487793
0.9802350997924805
1.1475251913070679
0.975386917591095
0.9482938647270203
1.001515507698059
0.9971343278884888
1.0417900085449219
0.9682106375694275
1.1720050573349
1.1347510814666748
1.11043381690979
1.1100364923477173
1.1212151050567627
1.0329853296279907
1.009194254875183
1.0562076568603516
1.0433106422424316
1.0447368621826172
1.145048975944519
1.024624228477478
1.0033458471298218
0.9578661322593689
1.1474868059158325
1.1990277767181396
1.0735297203063965
1.0339401960372925
1.0070749521255493
1.1164906024932861
1.1054706573486328
1.0254931449890137
0.9352477788925171
1.0568610429763794
1.1060528755187988
1.0289440155029297
1.070855975151062
1.0376933813095093
0.9682252407073975
1.0852265357971191
1.1533122062683105
1.11469304561615
1.0251587629318237
1.0945954322814941
0.9660471677780151
1.187107801437378
1.039212703704834
1.0356742143630981
1.075555682182312
1.1235129833221436
1.0118234157562256
1.121980905532837
0.9949736595153809
1.0309340953826904
1.0350608825683594
1.0295616388320923
1.0533020496368408
0.9987019300460815
1.1169977188110352
1.0630892515182495
1.0743162631988525
1.1420706510543823
1.0441703796386719
1.0063644647598267
0.9660062789916992
1.0134849548339844
1.0380806922912598
1.0603606700897217
1.0626795291900635
1.0195478200912476
1.065687656402588
1.025956153869629
1.1069905757904053
1.0603686571121216
0.9990921020507812
1.0536129474639893
1.0114283561706543
0.9888550043106079
1.0217030048370361
1.151087999343872
1.0317332744598389
1.0923563241958618
1.1108760833740234
1.1137566566467285
1.0975062847137451
1.04319429397583
1.0156958103179932
1.1005399227142334
1.029640793800354
1.0295991897583008
1.0481770038604736
1.033262848854065
0.9934320449829102
1.0394728183746338
0.9995972514152527
1.0476231575012207
1.0319161415100098
1.0379676818847656
1.021870493888855
1.0531773567199707
0.9598473310470581
1.204079270362854
1.0503581762313843
1.0823777914047241
1.1359939575195312
1.0727214813232422
1.0055954456329346
0.9874892830848694
1.0478395223617554
1.0804626941680908
1.0488629341125488
1.1706489324569702
1.0239804983139038
1.058777928352356
1.0089610815048218
1.115724802017212
1.0821795463562012
1.0277913808822632
1.028645634651184
1.0965064764022827
1.199308156967163
1.0699832439422607
1.0848573446273804
1.0805690288543701
1.056078314781189
1.077162504196167
1.0317192077636719
1.077476978302002
1.0156569480895996
0.9940842390060425
1.1619856357574463
1.0061049461364746
1.066718578338623
1.1303837299346924
0.94875168800354
1.0997766256332397
1.069406509399414
1.167428731918335
1.0955513715744019
1.1978238821029663
1.0831832885742188
1.0381497144699097
1.0589762926101685
0.9989753365516663
1.1289061307907104
1.1777939796447754
1.0078045129776
0.9614827632904053
0.9996347427368164
1.0888675451278687
0.995919942855835
1.0956929922103882
0.9306173920631409
1.0165390968322754
1.130582332611084
1.0978047847747803
0.9897155165672302
1.0204821825027466
0.9379722476005554
1.1120812892913818
1.0638779401779175
0.9948098063468933
1.0611586570739746
1.0473518371582031
1.1237497329711914
1.139332890510559
1.1434261798858643
1.0575032234191895
0.9927314519882202
1.0274993181228638
1.0267319679260254
1.1755692958831787
1.1601810455322266
1.1312391757965088
1.1668164730072021
1.1946496963500977
1.0026873350143433
1.0055444240570068
1.0779633522033691
1.1090110540390015
1.1431902647018433
1.0387986898422241
1.1996877193450928
1.0904135704040527
1.119659423828125
1.0360603332519531
1.09425687789917
1.0355255603790283
1.0751829147338867
1.0342557430267334
1.1403820514678955
1.0486692190170288
1.0312259197235107
1.1624932289123535
1.1072273254394531
1.0821866989135742
1.127760410308838
1.0077075958251953
1.2006328105926514
1.0644786357879639
1.0536848306655884
1.0832240581512451
1.0972431898117065
0.9799102544784546
1.0384488105773926
1.0894509553909302
0.994978129863739
1.059342861175537
1.0112333297729492
1.0413830280303955
1.016822099685669
1.1406314373016357
1.1067794561386108
1.0823605060577393
1.1737573146820068
0.9933451414108276
1.1432174444198608
1.10792875289917
1.081181526184082
1.1140062808990479
1.1015167236328125
1.0819997787475586
0.9684537649154663
1.0913559198379517
0.9848768711090088
1.0992543697357178
1.0297127962112427
0.9814157485961914
1.0499019622802734
1.0183689594268799
1.020578145980835
1.0935441255569458
1.1745606660842896
0.9764394164085388
1.1399978399276733
1.0133452415466309
1.0103636980056763
1.0375133752822876
1.0159106254577637
1.0456559658050537
1.1650986671447754
1.127431035041809
1.10557222366333
1.0876729488372803
1.0239253044128418
1.0227762460708618
1.0612355470657349
1.105836033821106
0.9699727296829224
1.1199440956115723
0.9857590794563293
1.0342986583709717
1.0527191162109375
0.9959949254989624
1.0908777713775635
1.049833059310913
1.015138864517212
1.059512734413147
1.1230969429016113
1.135498285293579
1.0037575960159302
1.103131890296936
0.9949435591697693
1.110582947731018
1.050405502319336
1.0866889953613281
1.0696823596954346
1.1096124649047852
1.0570917129516602
1.1203306913375854
1.0074272155761719
1.0157279968261719
1.0129585266113281
1.1041704416275024
0.9390919208526611
1.0261995792388916
1.0005261898040771
1.0639309883117676
0.9932355880737305
1.0644296407699585
1.0521243810653687
0.9501276016235352
1.0726492404937744
1.0171107053756714
1.0456651449203491
1.1418907642364502
1.0158699750900269
1.0605192184448242
1.0537574291229248
1.0861111879348755
