4.7797160148620605
4.614013671875
4.644566535949707
4.648941516876221
4.6140360832214355
4.619168281555176
4.7074151039123535
4.632925987243652
4.628261089324951
4.615638732910156
4.61172342300415
4.636306285858154
4.617239952087402
4.664004325866699
4.622013092041016
4.614928245544434
4.624977111816406
4.616174221038818
4.627389907836914
4.608538627624512
4.663828372955322
4.607351303100586
4.598774433135986
4.600785255432129
4.645618915557861
4.611316680908203
4.602596759796143
4.606966495513916
4.5831618309021
4.635477066040039
4.632023811340332
4.614955902099609
4.600518703460693
4.591738700866699
4.564700603485107
4.5680975914001465
4.553576469421387
4.627656936645508
4.598389625549316
4.59330940246582
4.553230285644531
4.580205917358398
4.499053955078125
4.5457282066345215
4.4548773765563965
4.419454574584961
4.565601825714111
4.564903259277344
4.554849147796631
4.591564655303955
4.575920104980469
4.476464748382568
4.499578475952148
4.487063884735107
4.47740364074707
4.447054862976074
4.251447677612305
4.542625427246094
4.31221342086792
4.447508335113525
4.447093963623047
4.328272342681885
4.367448806762695
4.40641450881958
4.277160167694092
4.403054237365723
4.121406078338623
4.342272758483887
4.344523906707764
3.930417060852051
4.428813457489014
4.3079514503479
4.191935062408447
4.25302791595459
4.253347396850586
4.339079856872559
3.8986012935638428
4.130058765411377
3.7930266857147217
4.186892986297607
4.047150135040283
4.2316694259643555
4.3117570877075195
3.7094662189483643
3.461409568786621
3.7781033515930176
3.6857314109802246
3.2754874229431152
3.451411724090576
3.9488351345062256
4.071892738342285
4.370078086853027
4.213637351989746
3.911219835281372
4.15056037902832
3.7941038608551025
3.4671313762664795
3.1308610439300537
3.9063940048217773
3.929953098297119
3.414684534072876
3.431875228881836
3.415633201599121
3.623769521713257
4.038234710693359
4.035835266113281
4.038163185119629
3.5538442134857178
3.246316432952881
3.418856620788574
3.883371114730835
3.758631467819214
3.9417855739593506
3.592900514602661
3.4418067932128906
3.035503387451172
2.5323307514190674
3.842284679412842
2.841885566711426
3.7234084606170654
2.86641526222229
2.9684560298919678
3.498537540435791
3.5944132804870605
3.6790084838867188
3.3956844806671143
3.6626853942871094
2.933502674102783
3.273920774459839
3.234976053237915
3.4199585914611816
3.8172178268432617
3.133497953414917
3.4025487899780273
2.5395469665527344
4.012037754058838
3.4723503589630127
4.019247531890869
3.137904644012451
2.3804357051849365
2.8063838481903076
3.031769275665283
2.7372777462005615
3.2300219535827637
3.0443267822265625
3.89313006401062
3.96427059173584
3.6537933349609375
2.441068410873413
2.8872969150543213
2.9243838787078857
3.602030038833618
3.006047010421753
3.7798304557800293
2.615546941757202
3.3150603771209717
3.243363618850708
3.6321566104888916
2.79447865486145
3.4645488262176514
2.844228982925415
3.546863555908203
3.417926549911499
3.443512201309204
3.4821510314941406
3.214010238647461
2.6477773189544678
3.34645676612854
3.1214425563812256
3.4972410202026367
2.298072099685669
3.497756004333496
2.7595438957214355
2.9925084114074707
2.9093430042266846
3.7420170307159424
2.975395917892456
2.956723690032959
2.8969202041625977
2.348125457763672
3.4107635021209717
3.9409003257751465
3.276825428009033
3.4007019996643066
2.944223165512085
3.6806440353393555
3.2934353351593018
2.6952402591705322
3.4350311756134033
2.487666368484497
3.247814178466797
2.9490914344787598
3.426637649536133
3.264291524887085
2.486827850341797
3.3652217388153076
3.3196282386779785
2.9426941871643066
3.2533655166625977
3.2564189434051514
3.4530160427093506
2.1513562202453613
2.2649643421173096
3.125448703765869
3.367227792739868
3.078187942504883
2.073185682296753
3.15096378326416
2.209930658340454
2.952371835708618
2.4175543785095215
3.469059467315674
2.8919713497161865
2.7018966674804688
3.0667777061462402
3.205996036529541
3.343883991241455
3.12921404838562
2.0543646812438965
3.015970230102539
3.0213375091552734
3.5688862800598145
3.1699092388153076
2.5828890800476074
3.2155604362487793
3.2395222187042236
3.5797061920166016
2.8261184692382812
3.3190834522247314
2.3341312408447266
2.0954554080963135
2.4097752571105957
3.1480512619018555
2.8181474208831787
2.205502510070801
2.246800184249878
3.472158908843994
2.24005389213562
3.2105321884155273
2.7770934104919434
3.6315131187438965
3.1039140224456787
2.306572198867798
2.8708276748657227
3.5259463787078857
3.1762590408325195
2.3013243675231934
3.1950509548187256
2.293424129486084
2.1004374027252197
3.9496209621429443
2.0904908180236816
3.4141204357147217
2.5053446292877197
3.440046787261963
3.2019271850585938
2.898829221725464
3.585949182510376
3.4286694526672363
2.0399656295776367
3.547271966934204
3.5101442337036133
2.578906297683716
2.928293466567993
2.6749989986419678
3.3088741302490234
3.086679697036743
2.4250643253326416
3.17029070854187
3.2236297130584717
3.0021533966064453
2.8890843391418457
3.290102958679199
3.4148664474487305
2.1255459785461426
2.279541492462158
3.288062572479248
2.188396453857422
3.08036732673645
1.873105525970459
3.2990386486053467
2.6887898445129395
2.4254658222198486
2.866818904876709
2.859037160873413
3.295701265335083
3.422006845474243
3.4217617511749268
2.0655763149261475
2.472219228744507
2.8142497539520264
3.2920589447021484
2.1343910694122314
2.9397830963134766
2.947535276412964
3.4101693630218506
3.362274169921875
2.06015944480896
3.257087469100952
3.12074613571167
2.3434386253356934
2.977376937866211
3.2916290760040283
3.352100372314453
2.300325632095337
1.8074837923049927
2.881465196609497
3.382370948791504
2.812021255493164
2.4116272926330566
3.2807822227478027
2.152007579803467
3.253917694091797
3.285079002380371
2.892209529876709
3.0577685832977295
3.2167000770568848
2.950392007827759
2.963082790374756
2.974820137023926
3.202235221862793
3.112351179122925
3.064563751220703
2.998173475265503
3.3409335613250732
2.720649003982544
3.5155320167541504
3.508437156677246
3.32440447807312
2.6407923698425293
3.2063088417053223
2.227379083633423
3.1395158767700195
2.8546059131622314
3.4797933101654053
3.0977392196655273
2.986677646636963
3.0758156776428223
3.391810655593872
2.8504128456115723
3.2974815368652344
1.813839316368103
2.9299144744873047
3.129326343536377
3.045605421066284
2.7555694580078125
3.098093271255493
2.7356996536254883
2.7336621284484863
2.5212090015411377
2.3788468837738037
1.8164143562316895
3.2289345264434814
1.6583948135375977
3.542546510696411
3.469076633453369
3.2950520515441895
3.194687843322754
2.8265576362609863
3.1716415882110596
2.565969944000244
2.2418971061706543
1.8757176399230957
1.8016210794448853
3.1022727489471436
3.0682389736175537
2.5213520526885986
2.0070641040802
3.208284854888916
3.162548780441284
3.341280937194824
2.9900457859039307
3.1415793895721436
3.084075927734375
2.8681604862213135
2.1070775985717773
2.803081750869751
2.8178226947784424
2.814755439758301
3.039856433868408
3.0308568477630615
2.7440710067749023
2.9028263092041016
2.7585654258728027
2.436746597290039
2.575648546218872
1.8363027572631836
2.374056100845337
3.4379613399505615
3.077007293701172
1.8396217823028564
3.0825250148773193
2.9779136180877686
2.7824554443359375
2.949693441390991
2.6945269107818604
2.259899616241455
2.935044527053833
1.7442034482955933
2.7732832431793213
2.3281965255737305
3.486379623413086
3.020305871963501
3.0769755840301514
3.3458125591278076
2.988219738006592
2.7097008228302
2.6073014736175537
3.0857832431793213
2.487426280975342
2.919691562652588
2.1341869831085205
2.530136823654175
3.458134174346924
2.8063507080078125
3.4466946125030518
2.9988760948181152
2.7462451457977295
2.8939831256866455
2.343041181564331
3.115241527557373
2.2846839427948
2.686110019683838
2.149170160293579
2.2562713623046875
3.2871146202087402
3.093804121017456
3.4651548862457275
1.6038211584091187
1.986423134803772
2.7685418128967285
3.0711498260498047
1.9184963703155518
2.427395820617676
3.280851125717163
3.4279754161834717
1.8644508123397827
2.8848841190338135
1.7959926128387451
2.5072741508483887
2.860827922821045
2.850379467010498
3.3131449222564697
3.0791282653808594
3.022970676422119
2.511312484741211
2.9614439010620117
3.171004056930542
1.821069598197937
2.852654218673706
1.9951401948928833
2.7321724891662598
1.9645229578018188
3.1082091331481934
2.9183244705200195
2.028837203979492
1.652004599571228
3.0610556602478027
2.6305832862854004
3.1486425399780273
2.267118453979492
2.874453067779541
2.6557466983795166
2.279730796813965
2.70621395111084
1.9365254640579224
1.901827096939087
3.159433126449585
3.1497795581817627
1.7247601747512817
2.6006276607513428
1.9763437509536743
2.997051239013672
1.937383770942688
3.228856325149536
2.5460784435272217
2.7697031497955322
2.6326396465301514
1.659380316734314
2.9728140830993652
2.4633214473724365
2.424541711807251
1.710105299949646
1.9541298151016235
3.492734670639038
2.846010208129883
2.423095226287842
2.7879128456115723
2.844289779663086
3.19907546043396
3.429812431335449
1.6338859796524048
2.253387928009033
2.6272850036621094
3.54830002784729
2.527172088623047
2.937410831451416
3.156505584716797
2.962507963180542
1.862597942352295
2.2979586124420166
1.622483253479004
2.9164085388183594
1.8542659282684326
2.780573606491089
1.9805874824523926
2.517794609069824
2.6781105995178223
1.6422113180160522
3.4002652168273926
3.1532788276672363
2.8151402473449707
2.096785545349121
2.470703363418579
3.1847116947174072
2.6776790618896484
2.8341481685638428
3.247209310531616
1.8379861116409302
3.051801919937134
2.9971272945404053
3.054154396057129
2.769451141357422
2.9143455028533936
2.3471498489379883
2.5251991748809814
2.048194408416748
2.118443489074707
2.3763933181762695
3.0169365406036377
1.94288969039917
3.361327648162842
3.3542733192443848
2.6946637630462646
2.6624910831451416
2.020895004272461
2.854517936706543
2.348081350326538
3.1825857162475586
2.9884591102600098
2.9527716636657715
2.5163767337799072
3.2303149700164795
2.90751051902771
1.9787110090255737
2.7358288764953613
2.9406392574310303
3.1659305095672607
1.741551399230957
2.9229328632354736
2.6880218982696533
3.1578497886657715
2.913288116455078
1.9906682968139648
3.0402519702911377
2.6017260551452637
2.198357343673706
2.400085687637329
2.6221108436584473
2.8551554679870605
1.9954575300216675
2.44515323638916
2.844496726989746
3.1405484676361084
3.1197774410247803
2.5307016372680664
2.7586841583251953
2.8945937156677246
2.2095444202423096
3.3310787677764893
2.897451639175415
1.6714060306549072
2.7643229961395264
2.5825564861297607
2.5672197341918945
2.708667755126953
2.7789509296417236
2.375734329223633
2.7378814220428467
2.07521653175354
1.8515148162841797
2.484095811843872
2.7251834869384766
2.971510648727417
2.090374231338501
3.404147148132324
3.1713995933532715
3.4141628742218018
2.111757755279541
2.6308040618896484
2.7407543659210205
2.9777514934539795
2.978267192840576
2.753091335296631
2.612689256668091
2.6024537086486816
2.7767724990844727
2.822758436203003
3.0120890140533447
2.3873963356018066
2.899042844772339
2.769749641418457
2.2351787090301514
2.020603656768799
2.8862411975860596
1.8002805709838867
2.604546546936035
3.260672092437744
3.0808396339416504
2.662055015563965
3.128228187561035
2.6967899799346924
2.907377004623413
2.4113235473632812
2.9480652809143066
3.048898935317993
2.304670810699463
2.6677703857421875
2.1167891025543213
3.270564079284668
1.756225824356079
2.6728529930114746
2.3291525840759277
1.8745265007019043
1.4804152250289917
2.3568456172943115
2.35732364654541
2.6757853031158447
2.541860580444336
2.9475345611572266
1.8667609691619873
2.3824872970581055
1.8317135572433472
1.5431445837020874
2.9377353191375732
2.629960536956787
2.18996524810791
2.7183523178100586
2.410750389099121
2.783015012741089
3.121636152267456
1.608597755432129
2.845560073852539
2.79416823387146
1.860334873199463
2.729008197784424
3.3081107139587402
1.951253890991211
2.393538475036621
2.336049795150757
2.884669542312622
2.639270305633545
1.5980571508407593
2.2436442375183105
2.4882164001464844
2.021580457687378
3.3665223121643066
3.0379884243011475
1.609680414199829
1.8414393663406372
1.9974794387817383
2.802097797393799
2.0879452228546143
3.1763417720794678
1.7315226793289185
2.948925495147705
3.154949903488159
2.8101015090942383
3.1210217475891113
2.271029472351074
2.742567777633667
2.200171709060669
1.718466877937317
1.6596072912216187
2.7485482692718506
1.793714165687561
2.965866804122925
1.699407696723938
1.8673945665359497
2.504713296890259
3.241417407989502
2.663311719894409
2.624022960662842
3.075957775115967
3.0936243534088135
2.890702486038208
2.7227671146392822
2.542379140853882
3.3304669857025146
2.916459083557129
1.7409965991973877
3.246703863143921
2.169342517852783
2.3441407680511475
2.5588417053222656
2.8805477619171143
2.747303009033203
2.9027204513549805
2.0700535774230957
2.9537482261657715
1.7977393865585327
1.9359943866729736
3.2040231227874756
2.895674228668213
2.8313262462615967
2.9385316371917725
2.8278584480285645
2.959075689315796
2.8158528804779053
2.7385807037353516
2.8870532512664795
3.260586977005005
1.9032968282699585
2.9247498512268066
2.1841909885406494
2.561772584915161
1.8554483652114868
3.308155059814453
2.943484306335449
2.696723699569702
3.1046650409698486
1.88018798828125
1.6552839279174805
2.564049005508423
2.125593900680542
2.033698558807373
2.833285093307495
3.291534423828125
2.737032890319824
2.6845924854278564
2.5190250873565674
2.7553460597991943
2.8823928833007812
2.294806480407715
2.6492037773132324
2.5437440872192383
2.6602978706359863
2.0684893131256104
3.3774373531341553
1.5681127309799194
1.9038580656051636
2.5857038497924805
1.9509729146957397
2.837817907333374
2.9173779487609863
2.8709990978240967
2.3464415073394775
2.1440858840942383
2.8435425758361816
2.4653282165527344
1.6186013221740723
2.504321575164795
2.8224751949310303
3.3086650371551514
3.173647880554199
2.686481475830078
1.8209421634674072
3.13671612739563
1.8603187799453735
2.5175673961639404
1.7056052684783936
3.1214418411254883
3.1500234603881836
2.6228740215301514
2.5819649696350098
2.7386205196380615
2.7652852535247803
2.8897292613983154
2.313453197479248
2.4788286685943604
1.7980897426605225
2.6433582305908203
3.034348249435425
2.1392533779144287
3.0772197246551514
2.0274734497070312
2.71811580657959
2.841747283935547
2.713388204574585
2.279284954071045
1.6067954301834106
2.0324606895446777
2.6911306381225586
2.5532493591308594
2.905055284500122
3.2329049110412598
1.8218350410461426
2.8455419540405273
1.8131680488586426
2.820805788040161
2.5500941276550293
2.34330415725708
3.0027694702148438
3.1611883640289307
2.787423610687256
2.8714799880981445
2.118877649307251
1.5190346240997314
1.67124342918396
3.1748268604278564
2.2446706295013428
2.777657985687256
1.6881496906280518
2.4322941303253174
2.436958074569702
1.4890979528427124
2.7287845611572266
2.546654224395752
1.7214802503585815
2.6314992904663086
3.164780378341675
2.143770933151245
2.2451372146606445
2.3521876335144043
2.702976942062378
3.128678560256958
2.477818250656128
2.698505401611328
2.317924737930298
2.0805981159210205
3.104013681411743
2.004225015640259
2.23561429977417
2.562959909439087
1.7925148010253906
2.7990312576293945
2.992767810821533
2.1834051609039307
2.810443639755249
2.49257493019104
2.458291530609131
2.838996171951294
2.0319790840148926
2.2930970191955566
3.0648934841156006
2.2723639011383057
3.176419496536255
2.7431232929229736
2.3860039710998535
2.5738134384155273
2.4079525470733643
2.8676390647888184
3.0283796787261963
2.4782555103302
2.9306490421295166
2.7386302947998047
3.1294281482696533
2.5379583835601807
2.7288382053375244
2.316179037094116
3.085209846496582
1.6076244115829468
1.6220595836639404
2.9766323566436768
2.650437116622925
1.5845651626586914
3.188014268875122
2.7221839427948
2.6628098487854004
2.941923141479492
3.2853050231933594
2.2232096195220947
1.4784317016601562
1.806785225868225
2.547438621520996
3.0463390350341797
2.2770626544952393
2.6683156490325928
1.9450689554214478
1.8589394092559814
2.40617036819458
2.9903650283813477
2.7257332801818848
1.5631897449493408
3.151400089263916
2.0971384048461914
2.7510745525360107
2.765871047973633
2.812716007232666
3.1996004581451416
1.3791379928588867
1.7462668418884277
2.9184367656707764
2.3634119033813477
3.026766538619995
2.628401041030884
1.4893734455108643
2.2960569858551025
2.018191337585449
2.782257556915283
3.0173206329345703
2.4766318798065186
2.894789218902588
2.6764566898345947
2.261963129043579
3.2019948959350586
2.545830726623535
2.916455030441284
2.3886492252349854
1.5149338245391846
3.0972955226898193
2.8423593044281006
2.8440141677856445
2.6112029552459717
2.3635478019714355
3.111778736114502
1.9259569644927979
2.491840362548828
3.0754785537719727
1.553247094154358
2.467027425765991
2.832967758178711
1.855973243713379
1.4202356338500977
1.4290131330490112
2.8146891593933105
2.4017112255096436
2.6657474040985107
3.1376514434814453
3.230011224746704
1.911650538444519
1.6806012392044067
3.0465991497039795
2.957885980606079
3.1412973403930664
2.5028269290924072
2.6821389198303223
2.4962453842163086
2.1985905170440674
1.7366951704025269
1.4288678169250488
2.0385584831237793
2.9260380268096924
2.3759398460388184
2.7272579669952393
3.1776087284088135
2.295832395553589
2.2015347480773926
1.9737492799758911
2.162139654159546
2.0691308975219727
2.9312124252319336
2.6058530807495117
2.6547200679779053
2.757124662399292
1.9204331636428833
2.43998384475708
2.3793156147003174
3.335073947906494
2.5061936378479004
3.277376413345337
3.106099843978882
2.7404119968414307
1.5039043426513672
2.747570037841797
1.6622114181518555
3.1550984382629395
3.0603315830230713
2.297705888748169
2.2041985988616943
1.6816842555999756
2.479341506958008
2.7313473224639893
2.6046621799468994
1.647133231163025
2.605260133743286
3.151977300643921
2.719494342803955
2.7030372619628906
2.551053524017334
2.3464951515197754
1.6734498739242554
2.5805442333221436
2.5652031898498535
1.552812099456787
1.790854811668396
2.7282488346099854
1.4732272624969482
2.175607919692993
1.5035406351089478
2.7472379207611084
1.6494733095169067
2.4799418449401855
2.026958703994751
2.45536470413208
2.8351101875305176
2.4046473503112793
1.8597468137741089
2.2299153804779053
2.6670758724212646
2.6005594730377197
1.49989914894104
2.596306324005127
2.6345202922821045
1.5046111345291138
2.342700481414795
1.6505602598190308
3.152082920074463
2.8229475021362305
2.9722328186035156
2.2217447757720947
2.81166934967041
2.724553346633911
1.8969563245773315
1.66094970703125
2.529216766357422
2.5724663734436035
2.721397638320923
2.5221564769744873
3.36662220954895
3.209400177001953
1.8705114126205444
2.0119616985321045
2.9415690898895264
3.1488282680511475
2.8647165298461914
1.5416278839111328
2.482510566711426
1.6868764162063599
2.4455225467681885
2.383124589920044
3.1126208305358887
3.1069319248199463
2.700727701187134
2.5145928859710693
2.6701974868774414
1.9594531059265137
3.262836456298828
2.2003564834594727
2.996824264526367
1.5691232681274414
2.230966091156006
1.6382017135620117
2.3763010501861572
2.5934717655181885
3.115893602371216
2.7644505500793457
1.8681080341339111
2.3987534046173096
2.3506178855895996
2.2960364818573
2.853426694869995
2.9125001430511475
2.7476067543029785
2.4669907093048096
2.5259926319122314
2.875577211380005
3.077974319458008
2.047476053237915
2.0292136669158936
1.6100730895996094
2.2160708904266357
2.890699625015259
2.7024354934692383
3.0130372047424316
3.087547540664673
2.6370086669921875
2.5792148113250732
3.138340950012207
1.9841824769973755
2.5194005966186523
2.2500624656677246
2.6100664138793945
2.2813713550567627
2.1361801624298096
2.796751022338867
2.9035770893096924
1.9958934783935547
2.6459484100341797
2.5305309295654297
2.6401329040527344
2.3234000205993652
2.6769964694976807
2.3657119274139404
3.1896724700927734
2.4500679969787598
2.379808187484741
2.4702064990997314
2.41051983833313
2.965409278869629
2.0291597843170166
1.843761682510376
2.219928741455078
2.2924067974090576
1.6623589992523193
1.6347014904022217
3.0409090518951416
3.167362928390503
2.1136183738708496
2.639647960662842
1.5332318544387817
2.649895668029785
2.3178327083587646
2.6431093215942383
2.833456516265869
2.9472649097442627
1.9917166233062744
3.128007173538208
1.7819011211395264
1.983830213546753
2.534914255142212
2.4423327445983887
2.0281262397766113
1.605660319328308
2.3830761909484863
2.9629299640655518
3.084486246109009
1.8273556232452393
2.3993232250213623
2.4939255714416504
1.9540295600891113
1.5447129011154175
2.7359707355499268
1.980294942855835
1.3170371055603027
2.4686479568481445
2.363847494125366
2.339658498764038
2.677995204925537
1.7832934856414795
1.5522615909576416
2.767000913619995
3.1429898738861084
3.1661717891693115
2.159029245376587
2.6870014667510986
2.0202672481536865
2.2318336963653564
1.80488121509552
2.309536933898926
2.834007978439331
2.0191264152526855
2.9180409908294678
2.6355953216552734
2.56295108795166
2.8393375873565674
1.7221007347106934
1.6969361305236816
2.703620433807373
1.417664885520935
2.072338104248047
1.3946326971054077
2.648022413253784
2.759906053543091
2.3070192337036133
3.2178194522857666
2.5427231788635254
2.979067325592041
3.024752140045166
2.758071184158325
2.683668851852417
2.7928178310394287
2.8771588802337646
3.265073776245117
2.009866714477539
3.340925455093384
1.7270888090133667
1.6378719806671143
1.6776087284088135
3.0711333751678467
2.473236560821533
3.1173312664031982
2.224902391433716
2.091569662094116
3.072270631790161
2.3498032093048096
2.361232042312622
2.7853763103485107
1.5831884145736694
2.1500184535980225
2.9624392986297607
1.8249902725219727
2.8038530349731445
2.3048453330993652
2.373501777648926
2.4877095222473145
1.5774829387664795
2.8360166549682617
1.3594839572906494
2.5938875675201416
3.050868272781372
2.761420488357544
2.5956737995147705
3.095353603363037
1.6769909858703613
2.5086863040924072
2.5133285522460938
2.268063545227051
2.7309341430664062
1.8344944715499878
2.06390643119812
1.8903144598007202
2.39732027053833
2.2397098541259766
2.6295268535614014
1.3678009510040283
3.104599952697754
1.8757426738739014
2.627530097961426
1.3666625022888184
2.4392709732055664
2.785576343536377
2.5499515533447266
3.0639138221740723
2.641017436981201
2.42557954788208
2.6093461513519287
3.0569770336151123
2.6477153301239014
2.3686041831970215
2.5836174488067627
2.652451515197754
2.9940025806427
1.7490003108978271
2.2907214164733887
1.521981954574585
2.0577030181884766
2.3062894344329834
2.5153160095214844
2.499913215637207
2.0734059810638428
2.7413060665130615
1.3392194509506226
1.3933749198913574
2.128678560256958
1.899124026298523
3.0882809162139893
1.8166062831878662
1.8454307317733765
2.9953036308288574
1.7262160778045654
2.975649356842041
2.460458993911743
2.660815715789795
2.5990521907806396
2.0237464904785156
2.6350936889648438
2.855490207672119
1.8581171035766602
2.9470438957214355
2.6649837493896484
2.3449153900146484
2.743438959121704
2.2986435890197754
1.4097777605056763
2.302534341812134
2.85709810256958
2.500704288482666
2.1151700019836426
2.6544570922851562
1.4647746086120605
2.5259592533111572
2.472409963607788
2.552218437194824
1.8429744243621826
2.669145107269287
1.9213515520095825
2.1760311126708984
1.7329109907150269
1.8117314577102661
2.82863450050354
2.694559097290039
2.540647029876709
2.6023266315460205
1.7880204916000366
2.60359263420105
3.0950095653533936
1.940881609916687
3.0156495571136475
1.4984943866729736
2.1545846462249756
2.474208116531372
1.647861361503601
2.6605117321014404
2.161221504211426
2.2585322856903076
2.4244678020477295
2.360604763031006
3.203421115875244
1.6498517990112305
2.6653265953063965
2.9702467918395996
2.7492990493774414
2.5108659267425537
1.7056688070297241
1.5722808837890625
2.6792185306549072
2.6221985816955566
2.557561159133911
1.8591538667678833
2.6056771278381348
3.2000207901000977
1.8115922212600708
1.6219675540924072
2.5722579956054688
2.905540704727173
1.457614541053772
2.8819901943206787
1.4950639009475708
2.574491024017334
1.8987149000167847
2.577848196029663
1.5504904985427856
1.32687246799469
1.606512427330017
1.4246301651000977
3.0897061824798584
1.6910320520401
2.733485460281372
2.9501705169677734
2.60787034034729
2.1989431381225586
2.6993906497955322
1.3883137702941895
2.351193904876709
2.625114917755127
1.5440298318862915
1.9469417333602905
1.5323461294174194
1.8400311470031738
2.992141008377075
2.5571558475494385
2.3870882987976074
1.9403730630874634
2.7121529579162598
3.0241634845733643
2.8787810802459717
2.7293527126312256
2.586412191390991
2.6697375774383545
2.735015630722046
2.502882242202759
2.1955127716064453
1.6121991872787476
2.613818645477295
2.4404287338256836
2.9427266120910645
1.6821472644805908
3.2659363746643066
2.778778314590454
2.830991506576538
2.5023343563079834
2.697287082672119
2.497321128845215
2.6109938621520996
2.8620097637176514
2.639605760574341
3.0333096981048584
2.796797752380371
1.9213539361953735
2.6880991458892822
2.4850971698760986
2.726260185241699
2.6863322257995605
1.8225300312042236
2.6111021041870117
2.547205686569214
2.233811855316162
2.6050455570220947
2.8560330867767334
1.6533396244049072
2.3177578449249268
2.3796448707580566
3.024965763092041
2.6603336334228516
2.699335813522339
2.2200570106506348
2.720508575439453
2.6939799785614014
2.2219624519348145
2.0747733116149902
2.6035425662994385
2.0545175075531006
2.451174020767212
2.6502432823181152
2.166576862335205
1.9978792667388916
2.5576930046081543
1.9997143745422363
2.5904314517974854
1.4003511667251587
2.076876640319824
2.590902090072632
3.156569242477417
2.426238536834717
1.5965890884399414
2.757261037826538
2.3016414642333984
1.7348945140838623
2.861588478088379
2.7046449184417725
2.5360560417175293
3.0030171871185303
1.3841569423675537
2.2166898250579834
2.6970067024230957
2.7991504669189453
2.637803316116333
1.9598987102508545
2.7868309020996094
1.545817255973816
3.0851666927337646
1.9849610328674316
2.811427116394043
2.389533519744873
2.7590484619140625
2.2924716472625732
2.8215484619140625
1.9112766981124878
3.1115097999572754
1.8046278953552246
3.1370065212249756
2.6836094856262207
3.1042861938476562
2.2335598468780518
2.766420841217041
2.9384193420410156
2.9972455501556396
2.1915526390075684
2.6737728118896484
2.0493462085723877
1.8320015668869019
2.6048760414123535
2.5519096851348877
2.188570022583008
1.2804992198944092
2.5587151050567627
1.8554409742355347
2.471869707107544
1.7493683099746704
2.406176805496216
2.2119431495666504
2.412121057510376
2.955343246459961
2.674785852432251
2.7856035232543945
1.8353544473648071
3.036149740219116
2.8748414516448975
2.37147855758667
1.5528919696807861
2.642854690551758
1.8336788415908813
2.953988552093506
2.4431498050689697
2.0814590454101562
2.3672473430633545
1.5021620988845825
2.513629674911499
2.2972755432128906
2.67014217376709
1.566212773323059
2.617814540863037
1.4225362539291382
1.813080906867981
2.8173859119415283
2.7973546981811523
2.4600400924682617
2.2044026851654053
1.4877722263336182
1.5718461275100708
2.9984683990478516
1.6373929977416992
2.5327446460723877
1.7671034336090088
2.85968279838562
2.601527452468872
2.596623659133911
3.13637113571167
1.8301273584365845
2.3551058769226074
2.2931864261627197
2.201296329498291
2.2001514434814453
2.3596479892730713
1.3368852138519287
2.4186573028564453
2.1736326217651367
1.7028037309646606
2.5776431560516357
2.6005492210388184
2.697258949279785
1.3243694305419922
3.102640390396118
2.54380202293396
2.4023375511169434
2.919532299041748
2.3588204383850098
2.770037889480591
2.859874963760376
1.9836640357971191
1.8128433227539062
2.9136099815368652
2.2970075607299805
1.6637011766433716
2.527810573577881
2.7407124042510986
2.741370916366577
2.703749418258667
2.531078815460205
2.4055569171905518
2.6627185344696045
3.041813850402832
3.042168140411377
2.975238561630249
3.0303502082824707
2.830265998840332
2.4104082584381104
1.9141911268234253
1.729993224143982
1.53279447555542
3.097581386566162
2.6744346618652344
2.043313503265381
1.4503488540649414
2.062525510787964
2.5572681427001953
1.7507234811782837
1.7099275588989258
2.6430206298828125
3.0281412601470947
3.0758368968963623
2.028015613555908
2.2712888717651367
2.0485386848449707
1.5487844944000244
2.1854164600372314
1.7862772941589355
2.3453943729400635
2.9562392234802246
1.8243656158447266
1.877675175666809
2.8032562732696533
1.3788048028945923
2.213026285171509
2.4673171043395996
3.0686261653900146
1.8143949508666992
2.919156789779663
2.8640756607055664
2.2617342472076416
2.646833658218384
2.6937787532806396
2.835294246673584
2.395555019378662
2.6421396732330322
2.6061158180236816
2.331603527069092
1.4644004106521606
2.6672258377075195
2.0739858150482178
2.4421560764312744
1.7060415744781494
2.0892505645751953
2.66975474357605
2.8223626613616943
2.6514713764190674
2.971618175506592
2.2908506393432617
2.591810703277588
2.1354498863220215
2.1406352519989014
1.693196415901184
2.3339028358459473
2.019993543624878
2.3682963848114014
2.9790406227111816
1.8904941082000732
2.3475284576416016
1.6514179706573486
2.1997551918029785
1.7388802766799927
2.583712100982666
2.35178279876709
1.9450969696044922
2.8802883625030518
1.61159086227417
2.013434410095215
1.523319959640503
1.4485982656478882
2.2037694454193115
2.1786885261535645
1.7457221746444702
2.6438210010528564
2.780996084213257
1.672919750213623
1.4382641315460205
2.7601406574249268
2.115356922149658
2.8991827964782715
2.062441110610962
1.8645075559616089
2.8025293350219727
2.839637517929077
2.9738643169403076
1.4513015747070312
2.7409005165100098
1.551835536956787
1.4433237314224243
1.6152602434158325
2.1373109817504883
1.5009394884109497
2.612210988998413
1.6756564378738403
2.9873290061950684
2.941300630569458
2.5747761726379395
2.812563419342041
2.202218770980835
2.617515802383423
2.0194852352142334
2.841452121734619
2.0170516967773438
2.8935904502868652
2.2541720867156982
2.3901896476745605
2.2176661491394043
3.0131757259368896
2.7380378246307373
1.6841826438903809
2.4185612201690674
1.513727068901062
2.032874584197998
2.6195013523101807
1.3323191404342651
1.7082674503326416
2.0993592739105225
1.3770371675491333
2.0996551513671875
2.7070066928863525
2.3710684776306152
2.5450050830841064
2.17094349861145
1.2917156219482422
3.0033230781555176
2.649719715118408
1.632903814315796
2.476346492767334
2.3928754329681396
2.720319986343384
1.3864420652389526
1.755995512008667
2.508974552154541
2.120408535003662
2.695014238357544
2.6468148231506348
2.8079142570495605
2.04433536529541
2.3498358726501465
2.491358995437622
2.550614356994629
2.192826986312866
1.9376091957092285
2.5649638175964355
2.1711533069610596
2.635035514831543
2.4813365936279297
1.4479355812072754
2.8446106910705566
2.7091567516326904
3.021535873413086
2.536623001098633
2.562023401260376
1.8681576251983643
2.917797565460205
1.7486042976379395
1.6105377674102783
1.3154897689819336
2.4862687587738037
2.2141666412353516
1.5665596723556519
1.546778678894043
2.5537569522857666
1.3767590522766113
1.7780784368515015
2.3733205795288086
1.939193844795227
2.3390722274780273
1.8247486352920532
2.3404698371887207
1.8677277565002441
2.7062618732452393
1.3503249883651733
2.1884119510650635
3.065716505050659
2.123884677886963
1.98103928565979
2.6313042640686035
2.312983989715576
2.403249740600586
2.560620069503784
1.656916618347168
2.283332109451294
1.4053181409835815
2.4429779052734375
1.921332597732544
2.6421689987182617
2.6315081119537354
1.53390634059906
1.9672038555145264
2.0225932598114014
2.0395119190216064
1.4629205465316772
2.2388460636138916
2.6150331497192383
2.1431241035461426
2.5023396015167236
1.7132234573364258
2.0905280113220215
3.0498785972595215
1.6781758069992065
2.687389612197876
1.8867930173873901
1.7183470726013184
2.42940092086792
2.9140090942382812
1.943461537361145
2.8273372650146484
2.4384195804595947
1.7178153991699219
2.8198044300079346
2.675518035888672
2.421907663345337
1.4014846086502075
2.548433780670166
1.9236379861831665
2.9467484951019287
2.352639675140381
2.130032777786255
1.5665936470031738
2.7501347064971924
2.605604648590088
2.836244583129883
2.5791804790496826
2.3922080993652344
1.4617716073989868
2.5966744422912598
2.7722556591033936
2.6512064933776855
2.6000654697418213
2.962477445602417
1.4870160818099976
2.3683812618255615
3.031750440597534
2.781892776489258
2.154021978378296
2.6510918140411377
2.3741536140441895
2.842949151992798
2.224905252456665
1.934122920036316
1.9189631938934326
2.1199686527252197
2.2648227214813232
2.234578847885132
2.6991055011749268
2.667938709259033
3.1330673694610596
2.989593267440796
1.8912867307662964
2.602978467941284
3.0262632369995117
1.5230443477630615
2.515071153640747
2.602168083190918
2.418220281600952
1.7304279804229736
2.869296073913574
1.9653387069702148
2.7676985263824463
2.7262322902679443
2.4213502407073975
1.798974871635437
2.480436325073242
2.5410349369049072
2.5462749004364014
2.4896702766418457
2.1700828075408936
1.9850451946258545
1.831398367881775
1.5041242837905884
1.2645877599716187
1.9334713220596313
3.093667507171631
2.646717071533203
2.720942974090576
2.194793701171875
1.7076809406280518
2.070646286010742
1.9432662725448608
2.688471555709839
2.5086629390716553
3.0956692695617676
2.7429487705230713
2.7111976146698
2.818265914916992
2.264723062515259
2.7238011360168457
1.541301965713501
2.8285255432128906
2.9609808921813965
1.5133556127548218
1.8673912286758423
1.7697827816009521
1.549368143081665
3.1475110054016113
3.148165225982666
2.256319284439087
2.930814027786255
2.504023551940918
1.7644431591033936
1.5433012247085571
2.7788748741149902
2.574970245361328
1.6206996440887451
2.626951217651367
2.9141879081726074
2.6899476051330566
1.907853364944458
2.8192107677459717
2.282465696334839
1.5465795993804932
1.9583114385604858
2.032949209213257
2.587428569793701
2.347801923751831
1.54939866065979
2.5199460983276367
2.2754602432250977
2.418576240539551
2.6472887992858887
1.4181512594223022
2.1379873752593994
2.3120720386505127
2.283144950866699
2.6348681449890137
2.6281564235687256
2.6703782081604004
2.555952310562134
2.6452229022979736
2.1028881072998047
1.336888074874878
2.4210901260375977
1.6079603433609009
1.542997121810913
2.5557525157928467
1.2333039045333862
1.260226845741272
2.8479647636413574
2.024209499359131
1.4854971170425415
2.5442614555358887
3.0230417251586914
2.703383207321167
2.4900543689727783
2.477736234664917
2.4257595539093018
2.2280917167663574
2.38995361328125
2.09513521194458
2.4902701377868652
2.5660719871520996
2.4839401245117188
2.247171640396118
2.9018566608428955
1.7458738088607788
2.367664098739624
2.3804333209991455
1.632820725440979
2.4544193744659424
2.338487386703491
2.0011308193206787
2.489299774169922
1.9448727369308472
2.335613250732422
2.507751941680908
2.555051565170288
3.046327590942383
1.966171383857727
2.1259970664978027
2.544738292694092
2.1512598991394043
2.560309886932373
2.792572021484375
2.104846477508545
2.6909120082855225
2.6865787506103516
2.838345766067505
1.9773690700531006
1.5491385459899902
2.398554801940918
2.431058645248413
3.088756799697876
1.5961484909057617
2.6458663940429688
1.846280813217163
2.5271689891815186
2.2471704483032227
2.9575023651123047
1.6785616874694824
1.3631411790847778
1.4673316478729248
2.7007458209991455
2.5520122051239014
1.300018072128296
1.4144564867019653
2.8129091262817383
1.4390438795089722
2.1068572998046875
2.6103484630584717
2.9262428283691406
2.2928712368011475
2.753882646560669
2.8347716331481934
2.457693338394165
2.2557079792022705
2.695798873901367
1.4309473037719727
1.7763276100158691
2.5450844764709473
1.5006403923034668
2.775282144546509
2.1176846027374268
1.6258955001831055
2.5916576385498047
2.4944820404052734
2.2856290340423584
2.6631383895874023
1.857715368270874
2.542764902114868
2.7769036293029785
1.614148497581482
2.2572381496429443
1.5562467575073242
2.287618637084961
1.610281229019165
2.562147855758667
1.4152159690856934
1.6215367317199707
1.6197489500045776
2.9325010776519775
1.5594562292099
1.8646862506866455
1.7641338109970093
2.2989532947540283
2.4300332069396973
2.6354153156280518
2.069697618484497
2.518444299697876
1.68351411819458
2.6797146797180176
2.668038845062256
2.539308547973633
2.7536768913269043
1.391778826713562
1.9693686962127686
1.5787527561187744
2.129783868789673
1.6786855459213257
1.6411759853363037
3.049708604812622
2.9193596839904785
2.212372303009033
2.4970896244049072
2.447030544281006
2.244537591934204
2.835498332977295
1.3400771617889404
2.585726261138916
2.510550022125244
2.518040895462036
1.266073226928711
2.306216239929199
1.8958066701889038
1.7000046968460083
2.0557990074157715
1.7769967317581177
1.3273212909698486
1.9779760837554932
2.4989075660705566
2.448173761367798
2.1269023418426514
3.059337854385376
1.4291596412658691
2.195847988128662
2.1730692386627197
2.9407997131347656
2.639988422393799
2.266125202178955
2.4034838676452637
2.564671039581299
2.295484781265259
2.943814277648926
2.2290244102478027
3.0543906688690186
2.2140231132507324
2.49769926071167
2.359952926635742
2.368425130844116
2.829294443130493
2.2340729236602783
2.575195550918579
2.3872733116149902
1.7410632371902466
2.8370790481567383
2.3164801597595215
2.5027456283569336
2.129744291305542
2.4406566619873047
2.695861577987671
2.372685194015503
2.79166316986084
2.3451008796691895
2.373684883117676
2.71362042427063
2.2704927921295166
2.899801015853882
2.3886542320251465
2.5699667930603027
2.253600835800171
1.793254017829895
2.3142805099487305
1.737388014793396
1.4190890789031982
1.9048267602920532
1.6531000137329102
1.971462607383728
2.4606964588165283
1.745903730392456
2.271897792816162
2.278918743133545
2.6423404216766357
2.462327241897583
2.532040596008301
2.7380409240722656
2.515763282775879
2.379880905151367
2.5695960521698
2.2422585487365723
2.0264933109283447
2.1037912368774414
2.431894302368164
2.1815552711486816
2.371346950531006
2.7061452865600586
1.5206594467163086
1.2627489566802979
1.8262897729873657
2.8018276691436768
2.342074394226074
2.593989372253418
2.287356376647949
2.6202595233917236
2.6244285106658936
2.4148991107940674
2.59451961517334
2.7501139640808105
2.5664443969726562
2.8233087062835693
2.2063677310943604
1.4529662132263184
2.412778854370117
2.3274083137512207
1.9591845273971558
2.944658041000366
1.4930634498596191
2.9676499366760254
2.225874900817871
2.3250536918640137
1.5699231624603271
2.8527698516845703
2.7205069065093994
2.9686522483825684
1.7184643745422363
2.7128608226776123
2.5308051109313965
2.832960844039917
1.4774471521377563
2.237858772277832
2.3224103450775146
2.446953773498535
2.335427761077881
2.804044008255005
2.2552340030670166
2.5636446475982666
2.3374228477478027
1.6265392303466797
3.0226385593414307
2.5808000564575195
3.0075488090515137
2.5645477771759033
2.591195583343506
2.647944927215576
1.532687783241272
1.895594835281372
2.4959771633148193
1.976242184638977
1.571911096572876
2.694939374923706
2.9384655952453613
2.5741448402404785
2.887836217880249
1.3295148611068726
2.4495952129364014
2.2613635063171387
2.515737533569336
2.0494258403778076
3.0444655418395996
3.0006818771362305
2.0483713150024414
2.615157127380371
1.6818242073059082
2.0366599559783936
1.7140414714813232
2.870274066925049
2.5986270904541016
2.2157576084136963
1.9700287580490112
2.43137526512146
2.570981740951538
2.4755208492279053
2.2955071926116943
1.6173216104507446
2.602140426635742
2.3297784328460693
1.6115853786468506
2.2503609657287598
2.94264554977417
2.488905191421509
2.5824434757232666
2.720034122467041
2.533560276031494
2.1276695728302
2.1511662006378174
2.4480464458465576
2.1987597942352295
2.4025661945343018
2.4671738147735596
2.217958927154541
1.9171946048736572
2.449495792388916
1.7384315729141235
2.545491933822632
2.3324592113494873
2.222022533416748
1.910359501838684
2.9421513080596924
2.627556800842285
2.0164806842803955
1.988175630569458
2.460052251815796
2.4500720500946045
1.4212905168533325
2.402456045150757
2.145646572113037
2.482236385345459
2.6166412830352783
2.8180198669433594
2.176561117172241
2.6168582439422607
1.7469881772994995
2.606018543243408
2.6052749156951904
2.5448944568634033
2.426861047744751
2.2911524772644043
2.288543224334717
1.5004775524139404
2.5243167877197266
2.154236316680908
2.632995367050171
2.525686502456665
1.8599772453308105
2.194415330886841
1.8611499071121216
2.5763742923736572
2.1182446479797363
1.9896903038024902
2.2758400440216064
2.4820001125335693
2.430549383163452
2.615373373031616
1.8023293018341064
2.1664488315582275
2.2523961067199707
1.971199870109558
2.697925090789795
2.7419357299804688
2.015862226486206
2.501373529434204
2.224000930786133
1.4578540325164795
1.7163070440292358
1.7465629577636719
2.2268588542938232
2.647993803024292
2.5090396404266357
2.7065250873565674
1.4816901683807373
1.4316171407699585
2.771040678024292
1.9471588134765625
2.86067795753479
2.878101348876953
2.7265586853027344
2.769850492477417
1.9379903078079224
2.638478994369507
2.595959186553955
2.5323240756988525
2.348698377609253
1.5129486322402954
1.9033533334732056
2.005281925201416
2.621736526489258
2.5461130142211914
2.3471152782440186
2.093090057373047
1.9006608724594116
1.8796340227127075
2.0836331844329834
2.444204568862915
2.5557026863098145
2.5038936138153076
2.8143792152404785
1.706067681312561
2.3626058101654053
1.9293129444122314
1.965005874633789
2.198291778564453
2.672590494155884
2.143449306488037
2.433574914932251
2.5020639896392822
2.518400192260742
1.7193022966384888
2.4633708000183105
2.268925666809082
2.443427324295044
2.7496180534362793
2.6930015087127686
2.2834670543670654
1.79984712600708
2.4178483486175537
2.57669997215271
2.548902750015259
2.9593682289123535
1.3032164573669434
1.9421638250350952
2.5651392936706543
2.86555552482605
1.9720046520233154
2.123366117477417
2.283099412918091
1.5076464414596558
2.550792694091797
2.3565869331359863
2.396069288253784
2.5263173580169678
2.559123992919922
2.4499709606170654
2.3761484622955322
2.044426441192627
2.7443182468414307
2.8905749320983887
1.6255521774291992
2.343386173248291
2.413053035736084
1.9176356792449951
2.4865217208862305
2.2898380756378174
2.2282207012176514
2.161375045776367
2.2932472229003906
1.881849765777588
2.4386162757873535
2.4668352603912354
2.146671772003174
1.291266918182373
2.5702390670776367
2.3392579555511475
2.49672532081604
2.3462436199188232
2.375432014465332
1.8943923711776733
2.8795132637023926
2.946890115737915
2.4664111137390137
1.1728858947753906
1.7138068675994873
2.8645546436309814
1.9791535139083862
1.3432972431182861
2.264065742492676
1.488761305809021
2.7165098190307617
2.775773286819458
2.221033811569214
2.462144613265991
2.072763204574585
1.6094549894332886
2.545544385910034
1.881582260131836
2.2351510524749756
2.2232649326324463
2.3762075901031494
1.293982982635498
2.2710695266723633
2.534764528274536
2.5358338356018066
2.328125476837158
2.390566110610962
1.593498945236206
3.0319294929504395
1.4254900217056274
2.2440097332000732
1.3414673805236816
2.2369213104248047
2.271641969680786
1.8603578805923462
2.035966634750366
1.9681411981582642
1.383840799331665
1.5088610649108887
2.306457757949829
2.3752126693725586
1.5273817777633667
1.6441839933395386
1.6813081502914429
1.6927180290222168
2.2750346660614014
2.7918148040771484
2.1459996700286865
2.4205877780914307
2.2628233432769775
2.4633355140686035
1.585668683052063
1.6938540935516357
1.885382056236267
2.5759902000427246
2.535940647125244
2.5528712272644043
1.4162155389785767
2.493352174758911
2.057643413543701
2.006347894668579
2.533564805984497
2.538787841796875
1.2905064821243286
2.7868409156799316
2.884654998779297
2.855445384979248
2.1234421730041504
2.5831470489501953
2.044935464859009
2.9359421730041504
1.4471063613891602
2.2398805618286133
1.6865719556808472
2.3618619441986084
2.320178747177124
2.838513135910034
1.9994977712631226
2.097167730331421
2.3694517612457275
1.6715260744094849
1.7325940132141113
2.010737895965576
2.7512941360473633
2.08908748626709
2.467730760574341
1.546744465827942
1.482692003250122
2.0835559368133545
2.11763334274292
1.4627864360809326
2.373303174972534
2.4221084117889404
1.9206123352050781
2.7459375858306885
1.4434542655944824
2.32412052154541
1.4528356790542603
2.9878878593444824
3.0824403762817383
1.901519536972046
2.4733428955078125
1.7829656600952148
1.4854705333709717
2.9758048057556152
2.1651782989501953
2.9424209594726562
2.4281442165374756
2.0443618297576904
2.600292205810547
1.9294352531433105
1.3015247583389282
2.8275959491729736
2.1571156978607178
1.7316951751708984
1.6423901319503784
2.747349739074707
1.8092156648635864
2.272428512573242
1.3775395154953003
1.2700490951538086
2.4093990325927734
2.691239833831787
2.2834272384643555
2.724916934967041
2.9563655853271484
2.2727835178375244
1.4858601093292236
2.016174077987671
2.673940896987915
2.068664789199829
2.9373650550842285
1.7466434240341187
1.7384127378463745
1.7588584423065186
2.5964629650115967
2.8534181118011475
2.41015887260437
2.554424524307251
2.3676655292510986
1.8619039058685303
1.2867205142974854
1.3516769409179688
2.4707958698272705
2.604914426803589
2.5476198196411133
1.422419548034668
2.753833770751953
1.9356281757354736
1.851422905921936
2.5379762649536133
2.4599969387054443
2.322665214538574
2.4762909412384033
2.412179470062256
2.062082529067993
2.5983657836914062
2.074815511703491
2.394031286239624
2.255913734436035
2.3050389289855957
1.9691272974014282
2.403545618057251
3.234326124191284
1.9856269359588623
2.0514209270477295
2.902736186981201
2.267382860183716
2.5426526069641113
2.3199832439422607
1.8541312217712402
2.8260345458984375
2.0217397212982178
1.6462048292160034
1.8280599117279053
2.8474221229553223
2.5077898502349854
2.5318446159362793
2.5034708976745605
2.327362537384033
2.235339879989624
2.7574799060821533
1.675932765007019
1.4577186107635498
1.5499248504638672
2.07765793800354
1.8163995742797852
2.9958057403564453
1.2878893613815308
1.157351016998291
2.479513645172119
1.3336290121078491
2.3824374675750732
1.6403828859329224
1.151004672050476
2.1401000022888184
2.092869758605957
2.1025407314300537
1.8196347951889038
2.192211866378784
2.0587575435638428
2.085716962814331
2.264190673828125
2.159179449081421
2.1893351078033447
2.221453905105591
2.102907419204712
2.4322142601013184
1.6288124322891235
2.4795637130737305
2.1215550899505615
1.5065855979919434
3.0154550075531006
1.389449954032898
2.7770230770111084
2.726358413696289
2.0725862979888916
2.3238279819488525
1.838511347770691
2.7609007358551025
2.7059504985809326
1.308613896369934
2.731957197189331
2.652515172958374
1.2552545070648193
2.479029655456543
1.6726813316345215
1.2499737739562988
2.56550931930542
2.732612133026123
1.8056402206420898
1.9432073831558228
2.8832478523254395
2.7230634689331055
2.3433399200439453
1.6680223941802979
2.6483969688415527
1.8766268491744995
1.9739990234375
2.684882164001465
2.6623969078063965
2.985532522201538
2.339226245880127
2.619302749633789
2.2756927013397217
2.1494317054748535
1.673776388168335
2.03164005279541
2.268933057785034
2.1002309322357178
2.1641745567321777
1.482692837715149
1.4179314374923706
2.5063130855560303
2.904207944869995
2.492896556854248
1.804342269897461
2.371460437774658
2.4296295642852783
2.436685562133789
2.1965525150299072
2.434730052947998
2.813800096511841
2.5664334297180176
3.051971673965454
2.1157329082489014
2.0790176391601562
3.005906343460083
1.9247263669967651
2.505863666534424
1.7540611028671265
1.6855095624923706
2.143033504486084
1.8242210149765015
2.042710065841675
2.5786075592041016
2.031501054763794
2.366257429122925
1.5657291412353516
2.0548224449157715
1.7304277420043945
1.3997166156768799
2.5621564388275146
2.302751064300537
2.2871594429016113
1.24320650100708
1.8529963493347168
1.7896853685379028
2.0414910316467285
2.2201969623565674
2.496558904647827
2.8623650074005127
1.7095969915390015
1.6944799423217773
2.738269567489624
2.6532936096191406
1.9159470796585083
1.3679249286651611
2.7135894298553467
2.9848828315734863
2.2149033546447754
2.4972035884857178
2.8549232482910156
2.523103952407837
1.3650771379470825
2.617321014404297
2.8074140548706055
2.0157055854797363
2.229400873184204
1.6018146276474
2.6651928424835205
1.980515480041504
2.397033929824829
2.6651804447174072
1.238621711730957
2.386246681213379
2.1378397941589355
2.235276937484741
1.9483832120895386
2.4908974170684814
1.726706624031067
2.3767731189727783
1.9276801347732544
2.235988140106201
1.587244987487793
1.7018460035324097
2.051640272140503
2.2330708503723145
1.4280647039413452
2.285585880279541
2.623530387878418
2.527780771255493
2.5319759845733643
2.4530019760131836
1.6962394714355469
3.0076029300689697
2.108931541442871
1.575144648551941
1.6824663877487183
1.9026165008544922
1.5901538133621216
2.273327350616455
2.0829455852508545
1.6455899477005005
1.2812106609344482
2.652352809906006
2.5488483905792236
1.5149141550064087
2.9262750148773193
1.3292481899261475
2.349883556365967
1.6472502946853638
1.354962944984436
2.7948358058929443
2.406346321105957
2.6103498935699463
1.9200254678726196
2.470181703567505
1.8817647695541382
2.563539505004883
2.5343141555786133
2.9699814319610596
1.7918150424957275
2.91921329498291
2.5373575687408447
1.462397575378418
2.2300357818603516
2.588250160217285
2.216787099838257
2.2155187129974365
2.7402031421661377
2.623088836669922
2.6111903190612793
2.7321741580963135
2.9878151416778564
1.372377872467041
2.101017713546753
2.5997347831726074
2.1412668228149414
2.1165683269500732
2.0963945388793945
2.363800048828125
2.2920284271240234
1.6711100339889526
2.627525568008423
2.3777313232421875
2.450336217880249
2.3431735038757324
2.2282838821411133
2.2578611373901367
1.7221814393997192
2.604339122772217
2.554340124130249
2.4204437732696533
2.1973185539245605
1.7249884605407715
2.442836046218872
2.2613465785980225
2.448173999786377
2.2164087295532227
1.3510006666183472
2.702028274536133
1.9642040729522705
2.421938896179199
1.7967764139175415
2.5423619747161865
2.0865907669067383
2.3502633571624756
2.415895700454712
2.909693479537964
2.8639869689941406
1.332383632659912
2.063692808151245
1.3252912759780884
2.466003656387329
1.957780361175537
2.7933754920959473
2.576423168182373
2.931864023208618
1.8193210363388062
2.346376895904541
1.5421669483184814
2.7739148139953613
2.6803643703460693
1.3313701152801514
2.8280274868011475
2.195451259613037
1.629967212677002
2.4842731952667236
2.0060906410217285
1.3480219841003418
2.3914244174957275
2.388340711593628
2.172607660293579
2.362090587615967
2.209944486618042
2.6312320232391357
2.5162816047668457
2.3314034938812256
2.5265042781829834
2.4992241859436035
2.747194766998291
2.839442014694214
2.5100865364074707
2.4121224880218506
2.8798575401306152
1.4087276458740234
2.28281831741333
2.1694886684417725
2.2720420360565186
2.6594882011413574
2.3778412342071533
1.324276089668274
2.096623659133911
2.526124954223633
1.7942161560058594
2.5287535190582275
2.348762273788452
2.3233513832092285
2.8841943740844727
2.0022552013397217
2.1637465953826904
2.72294020652771
2.6459059715270996
2.1337947845458984
2.7579851150512695
2.396939754486084
2.085827112197876
2.1508419513702393
1.9254755973815918
2.1195929050445557
2.3193721771240234
1.0606006383895874
1.5072360038757324
1.3024497032165527
2.26680064201355
2.3125178813934326
2.366743326187134
1.3690035343170166
2.408583879470825
2.106180429458618
2.5138092041015625
2.14951491355896
2.3980913162231445
2.539005756378174
2.009305477142334
2.272719621658325
2.190678834915161
1.41610848903656
2.352266550064087
2.2849960327148438
1.9485970735549927
2.6540353298187256
1.6830283403396606
2.1062309741973877
2.7957987785339355
1.5732829570770264
2.7186226844787598
2.5236878395080566
2.1209635734558105
1.249422311782837
1.5521734952926636
2.5475893020629883
2.4795901775360107
1.750105619430542
1.1517869234085083
3.07542085647583
2.4257466793060303
2.2523081302642822
1.8349876403808594
2.6935086250305176
2.8394341468811035
1.4984110593795776
1.9942032098770142
1.4363911151885986
2.120039701461792
2.3608310222625732
2.0614261627197266
2.124141216278076
2.1162972450256348
1.8383662700653076
2.550527334213257
2.719505786895752
2.3549697399139404
2.5439209938049316
1.1078613996505737
1.3390008211135864
2.568089246749878
2.7278623580932617
1.9296154975891113
2.429762601852417
2.3841311931610107
1.6856023073196411
1.5481116771697998
1.1872925758361816
1.1813545227050781
2.5090858936309814
3.055042028427124
2.385270595550537
2.389554262161255
2.5311074256896973
1.2497155666351318
1.9418973922729492
2.6183228492736816
1.5164735317230225
1.50717031955719
1.4572534561157227
1.9565305709838867
2.2704124450683594
2.8515701293945312
2.3344290256500244
2.582840919494629
2.3207340240478516
1.2079720497131348
2.3267977237701416
2.144270896911621
2.610544443130493
2.835397481918335
3.0025503635406494
1.227748155593872
2.6537997722625732
1.2910317182540894
1.8162158727645874
1.307404637336731
2.468594789505005
2.9209306240081787
2.5978810787200928
2.4427154064178467
2.610675573348999
2.3310656547546387
1.757610559463501
2.213010787963867
1.5278518199920654
1.6068322658538818
2.4368178844451904
1.3538498878479004
2.5074243545532227
2.8760416507720947
2.4828295707702637
2.449521541595459
1.9208823442459106
2.182499647140503
1.932905673980713
1.607606291770935
1.418479561805725
2.569706439971924
2.2385857105255127
1.8580180406570435
1.9726800918579102
2.2793045043945312
2.6497294902801514
2.330620050430298
2.2235875129699707
2.44787335395813
1.4259885549545288
2.3458361625671387
2.386699914932251
2.439089298248291
2.3445770740509033
1.4888466596603394
2.43953275680542
1.3550609350204468
1.918322205543518
1.1785794496536255
1.1413874626159668
1.7637627124786377
2.5290653705596924
2.173386335372925
2.634864330291748
1.7214480638504028
1.817848801612854
2.4554190635681152
2.492802619934082
2.0031797885894775
2.3780014514923096
2.593108654022217
2.880516290664673
2.979933977127075
1.8745111227035522
2.1185555458068848
2.8736915588378906
2.3120765686035156
2.5385420322418213
1.8579860925674438
1.5927534103393555
2.5904979705810547
2.263780355453491
2.019512891769409
2.8562774658203125
1.5516635179519653
2.2866530418395996
1.2018957138061523
1.844095230102539
1.1507316827774048
2.787766933441162
2.4384424686431885
2.1151463985443115
2.5322399139404297
1.4112305641174316
2.4967293739318848
2.536076545715332
2.5137484073638916
2.5730817317962646
2.571194887161255
1.928003191947937
1.4828383922576904
1.5009522438049316
2.4698660373687744
1.77122962474823
2.352759599685669
2.6319236755371094
2.6192190647125244
2.4974875450134277
2.5249710083007812
2.540431022644043
2.294173002243042
2.6300253868103027
2.2906622886657715
2.330409526824951
2.815568447113037
2.485664129257202
2.5936875343322754
2.644580364227295
1.7204304933547974
2.220254898071289
2.983769178390503
2.897512197494507
2.3532679080963135
2.295830249786377
1.4593710899353027
1.6087968349456787
2.7085628509521484
2.1475751399993896
2.2346177101135254
2.302018404006958
2.0979669094085693
2.60911226272583
2.5160679817199707
1.4191045761108398
2.3836047649383545
1.6568617820739746
2.1572768688201904
1.2321574687957764
2.729548215866089
2.5780794620513916
2.688394546508789
1.2946842908859253
2.250284433364868
2.3373045921325684
1.5146093368530273
2.475693941116333
1.2780146598815918
1.2032012939453125
1.4157612323760986
2.2174081802368164
2.6202454566955566
2.619619369506836
2.620009183883667
2.482342481613159
1.7313330173492432
1.992431640625
2.0418803691864014
2.6443734169006348
2.7083780765533447
1.8760522603988647
2.493321657180786
2.480069398880005
1.4161033630371094
2.2238080501556396
2.3958961963653564
1.2370831966400146
1.321541666984558
2.9114983081817627
2.56050181388855
2.730175256729126
1.564462661743164
1.7943434715270996
1.4230377674102783
2.741386890411377
2.413813591003418
1.8504867553710938
2.2792739868164062
2.746241569519043
2.0596866607666016
2.3417906761169434
2.391842842102051
2.4571783542633057
2.559180736541748
2.072007179260254
1.3380041122436523
2.143444299697876
1.596672773361206
1.5572296380996704
2.2830402851104736
2.7795379161834717
1.4963077306747437
1.379568099975586
1.782119631767273
2.0249273777008057
2.938822031021118
1.398364782333374
1.8456770181655884
2.2078299522399902
2.3519458770751953
2.645893096923828
2.536271810531616
1.5012328624725342
2.3840646743774414
2.3130290508270264
1.8060182332992554
1.818057894706726
2.04923939704895
1.9893146753311157
2.8903207778930664
1.6842023134231567
2.8953938484191895
2.2737700939178467
3.090214729309082
2.5131285190582275
2.1403136253356934
2.56091046333313
2.220018148422241
1.6051470041275024
1.9514347314834595
2.095646619796753
1.921284794807434
1.3246647119522095
1.918689489364624
2.739208221435547
1.2826088666915894
1.3392316102981567
2.5689327716827393
2.757392168045044
2.5653493404388428
1.22760808467865
2.315032720565796
2.5261034965515137
1.8853782415390015
2.301515579223633
2.5668225288391113
2.20672869682312
2.5455479621887207
1.3646489381790161
2.4827628135681152
2.6683361530303955
1.7899764776229858
2.134533166885376
2.4232373237609863
2.6201140880584717
2.47011137008667
1.594820499420166
2.8481605052948
2.3869948387145996
1.6093333959579468
2.6295735836029053
1.6479241847991943
2.0241971015930176
2.272134304046631
2.549182653427124
2.6982040405273438
2.3843612670898438
1.9719679355621338
2.39040207862854
1.8059415817260742
2.566558599472046
1.6952496767044067
2.2399942874908447
2.4564526081085205
2.92353892326355
2.6423940658569336
1.914980411529541
2.9307825565338135
1.6755491495132446
2.7521488666534424
2.1399073600769043
2.5590667724609375
2.4484593868255615
2.4815380573272705
2.5569140911102295
1.902758240699768
1.2545288801193237
2.5992140769958496
1.3591299057006836
1.8880151510238647
2.6931309700012207
2.7732293605804443
2.2239065170288086
1.806578278541565
1.1545896530151367
2.4472367763519287
2.5324347019195557
2.1524131298065186
1.5302226543426514
2.765387773513794
2.011390209197998
1.5556323528289795
2.4656460285186768
2.7607195377349854
2.3417856693267822
2.2805304527282715
1.1531167030334473
2.01298451423645
1.6025108098983765
2.415431261062622
2.751246452331543
2.4612796306610107
1.4261305332183838
2.8808751106262207
2.859579563140869
2.144232988357544
2.2355284690856934
1.1780496835708618
2.481738805770874
1.6465718746185303
2.0621869564056396
2.417112350463867
1.802602767944336
1.475438117980957
1.4538336992263794
2.188828945159912
2.006890058517456
1.905622959136963
1.437690258026123
1.5959453582763672
2.141775131225586
1.611530065536499
2.184103488922119
2.4214894771575928
2.4830868244171143
1.8388060331344604
2.491661787033081
1.1747400760650635
2.633488655090332
2.104379177093506
2.533066749572754
2.5419416427612305
1.3680007457733154
2.7831358909606934
2.1004960536956787
1.5967481136322021
1.507416844367981
2.4393723011016846
2.3322575092315674
2.9207844734191895
2.5089211463928223
2.0029516220092773
2.29866886138916
1.8847050666809082
2.3263907432556152
2.6015353202819824
2.426481246948242
1.346933126449585
2.0812814235687256
1.8033884763717651
1.582603931427002
2.7477314472198486
1.1184897422790527
2.1506447792053223
2.3925020694732666
2.30753493309021
2.2671053409576416
2.128159999847412
2.37196946144104
1.2542027235031128
2.1246795654296875
2.300776243209839
2.3463573455810547
2.395557165145874
2.0927200317382812
1.1484931707382202
1.7234065532684326
1.1448243856430054
1.3522299528121948
2.831331968307495
2.760082721710205
1.0580649375915527
2.5707199573516846
2.404076099395752
1.3808661699295044
2.0793192386627197
1.1542694568634033
2.1683638095855713
2.1787993907928467
1.343306303024292
2.531045436859131
2.280914545059204
2.632004737854004
2.7351503372192383
1.6108163595199585
1.337628960609436
2.0363359451293945
1.5049313306808472
1.7901991605758667
2.0677735805511475
1.3449318408966064
1.6906319856643677
2.4141297340393066
1.806052327156067
1.1971317529678345
2.5118138790130615
1.2701665163040161
1.748507022857666
2.430370569229126
2.0510263442993164
1.902497410774231
1.6041903495788574
1.7253549098968506
2.4768526554107666
2.64811372756958
1.7565534114837646
2.754565715789795
2.8625524044036865
2.2183408737182617
2.1990549564361572
2.603626251220703
2.89327335357666
2.2531707286834717
1.513166904449463
2.3518130779266357
1.4567198753356934
2.054105520248413
2.428095579147339
2.7737815380096436
2.973235845565796
2.5759875774383545
1.9991919994354248
2.1844770908355713
2.945300817489624
2.437609910964966
2.7874531745910645
2.3094022274017334
2.4477407932281494
1.8807681798934937
2.3438243865966797
1.905466914176941
2.5157809257507324
1.2445753812789917
2.490575075149536
2.96296763420105
2.8806991577148438
1.8152358531951904
2.29731822013855
1.3063080310821533
2.434257984161377
2.0460364818573
2.5977118015289307
2.810453414916992
2.7124102115631104
1.5591254234313965
2.0089335441589355
2.2255516052246094
2.0011403560638428
2.321937322616577
2.638148069381714
2.8005850315093994
1.3394060134887695
2.0337061882019043
2.2276611328125
2.5636088848114014
1.9485161304473877
2.5609254837036133
1.939721703529358
2.411789894104004
2.0527350902557373
2.3672378063201904
1.530141830444336
2.341109275817871
2.310932159423828
2.484567642211914
2.2183523178100586
2.112982988357544
1.1550817489624023
2.545114517211914
2.552574634552002
2.469954490661621
2.8386929035186768
1.1741745471954346
2.0229601860046387
2.3703479766845703
2.219594717025757
2.4540836811065674
2.8237197399139404
2.26912260055542
2.8369994163513184
1.1833813190460205
1.7699029445648193
2.12849760055542
2.502979040145874
1.540594458580017
2.871943235397339
2.825002431869507
2.2936935424804688
1.63762629032135
2.1397831439971924
2.3560361862182617
1.8733808994293213
1.4717063903808594
2.1004798412323
2.3791863918304443
1.5870779752731323
2.2911252975463867
1.0897440910339355
2.6015186309814453
2.4073715209960938
1.1905171871185303
2.248122215270996
1.680521845817566
1.8777269124984741
1.530951976776123
1.4738025665283203
2.811309814453125
1.2683405876159668
1.8215672969818115
1.837410807609558
2.036628246307373
1.8156418800354004
2.2242236137390137
2.1472811698913574
2.5245323181152344
2.233844518661499
2.3016951084136963
2.6937484741210938
1.8858931064605713
1.4581515789031982
2.331134557723999
2.0598082542419434
1.4463293552398682
1.779750943183899
2.474688768386841
2.142434597015381
2.1851556301116943
2.92451810836792
3.0035855770111084
2.4550492763519287
2.323622465133667
2.582878589630127
2.756126880645752
2.2279207706451416
1.968685269355774
2.4675419330596924
2.1567161083221436
2.809422254562378
2.136359691619873
2.809511423110962
2.164626359939575
2.2771005630493164
2.6968727111816406
1.9551500082015991
2.5688037872314453
2.030799150466919
2.969600200653076
1.5341131687164307
2.482576608657837
2.941786766052246
2.4932899475097656
2.485438823699951
2.0314295291900635
2.657768487930298
2.4349546432495117
2.6629490852355957
2.5189712047576904
2.517754077911377
2.3713912963867188
1.3794786930084229
1.8826817274093628
1.4966715574264526
2.11307430267334
2.3172214031219482
2.0667948722839355
2.5228898525238037
1.703676462173462
2.43255352973938
1.75227952003479
2.175665855407715
2.9362998008728027
2.439337730407715
2.486560344696045
2.4600422382354736
2.595496654510498
2.1368374824523926
2.8718106746673584
2.07724666595459
1.864268183708191
1.9059125185012817
2.1750752925872803
2.7602381706237793
2.5440917015075684
1.8864145278930664
2.3907628059387207
2.6101081371307373
1.2776952981948853
2.386545419692993
1.188554286956787
2.2646498680114746
2.250572443008423
2.075106620788574
2.0776960849761963
2.5860042572021484
2.50742506980896
2.2861201763153076
2.538020133972168
1.3728293180465698
2.573338031768799
2.429666042327881
2.3100802898406982
2.11361026763916
1.6702029705047607
1.1675812005996704
3.050854444503784
2.7112467288970947
1.3717607259750366
2.488574504852295
2.841278314590454
1.718524694442749
2.5554707050323486
1.4786033630371094
2.6576366424560547
2.2793428897857666
1.439684271812439
2.396002769470215
2.0563604831695557
1.6572729349136353
1.6018613576889038
1.8912551403045654
1.8551533222198486
2.2460625171661377
1.7256958484649658
2.3924033641815186
2.6365365982055664
2.0918755531311035
2.4009389877319336
2.281831979751587
2.1478517055511475
2.2722346782684326
1.8997997045516968
2.583739757537842
2.0570201873779297
2.861814260482788
1.9712408781051636
2.307102680206299
1.6881353855133057
1.888697624206543
2.339578866958618
2.525554656982422
2.8072986602783203
2.007244110107422
1.3310614824295044
2.39776349067688
2.644850015640259
2.1583938598632812
2.4323337078094482
1.073860764503479
1.2210817337036133
2.2313268184661865
2.071537733078003
1.947996973991394
2.81750226020813
1.8782919645309448
2.718475341796875
1.7980270385742188
1.5965851545333862
2.5206196308135986
2.7910358905792236
2.5861008167266846
1.9349391460418701
2.686612129211426
2.6117401123046875
2.2885243892669678
1.9890336990356445
2.086786985397339
2.112266778945923
1.9137287139892578
1.2944790124893188
2.4250307083129883
1.9793758392333984
1.4745702743530273
2.207465171813965
1.6962798833847046
1.915696620941162
1.8119726181030273
2.818110942840576
2.4213099479675293
2.4112119674682617
2.1990232467651367
2.202545404434204
2.501398801803589
1.530390977859497
1.2459348440170288
2.7851383686065674
2.0896410942077637
2.7720303535461426
2.7162435054779053
2.1556994915008545
1.6243637800216675
2.3032076358795166
1.9943469762802124
2.84015154838562
2.6416454315185547
1.0422919988632202
1.9541435241699219
2.263848066329956
1.6477267742156982
1.4250766038894653
2.586721658706665
1.4756628274917603
2.131711006164551
2.6738226413726807
1.804176926612854
1.4248093366622925
2.3265633583068848
2.2835958003997803
1.5392428636550903
1.1770391464233398
1.0548224449157715
2.6987144947052
2.2051684856414795
2.080298662185669
2.3515608310699463
1.5233500003814697
2.3469393253326416
1.1662877798080444
1.3960493803024292
2.3369507789611816
2.4688425064086914
2.090879440307617
2.2551381587982178
2.491013765335083
2.5146825313568115
2.3777217864990234
2.3199315071105957
2.8318896293640137
2.6130545139312744
1.941902995109558
2.005404472351074
2.1996896266937256
1.8723801374435425
2.174116611480713
1.7836592197418213
2.6111738681793213
2.4317870140075684
1.939653992652893
2.2658324241638184
2.776803731918335
1.7631639242172241
2.3346457481384277
1.600667119026184
2.306957483291626
2.3699471950531006
1.4546082019805908
1.49467134475708
2.362666606903076
2.355624198913574
1.6464864015579224
2.2661750316619873
1.7507895231246948
1.8100427389144897
1.9392606019973755
2.103861093521118
2.7137181758880615
1.117869257926941
1.958993911743164
2.4707581996917725
2.627302646636963
2.312551975250244
2.1906895637512207
1.1092268228530884
2.3756799697875977
2.2148027420043945
2.3374555110931396
2.6214475631713867
1.5106487274169922
2.157125473022461
2.502711296081543
2.341569423675537
1.1730300188064575
1.6919785737991333
2.3881471157073975
2.805053234100342
2.362032413482666
2.039584159851074
2.494744300842285
2.2748491764068604
1.3626272678375244
2.1196398735046387
2.50138258934021
1.2161459922790527
2.6381354331970215
1.100471019744873
1.212167739868164
1.9694929122924805
2.680340528488159
2.4608137607574463
2.728534460067749
2.5453507900238037
1.2610983848571777
2.3375039100646973
2.461463451385498
2.2173192501068115
2.1161627769470215
1.824984073638916
1.2731679677963257
2.1247730255126953
2.285661458969116
2.2488696575164795
2.8011324405670166
2.3118724822998047
2.42253041267395
2.3349220752716064
1.860356092453003
1.6454222202301025
2.1937618255615234
2.867928981781006
2.40454363822937
1.9539964199066162
2.412785768508911
1.8120630979537964
2.160839080810547
1.5012507438659668
2.5860519409179688
2.6882383823394775
2.0992751121520996
2.7393181324005127
2.0983903408050537
2.1440069675445557
1.977822184562683
1.2726547718048096
2.285566806793213
2.195178985595703
2.66066575050354
1.9519790410995483
2.293846845626831
2.521789789199829
2.0618908405303955
1.5253217220306396
2.1531074047088623
2.6006622314453125
2.7640373706817627
2.5938398838043213
1.078672170639038
2.1256558895111084
2.447139263153076
1.1467944383621216
1.6807971000671387
2.215003252029419
2.1886472702026367
2.7255427837371826
2.654557704925537
1.7167034149169922
2.075453758239746
2.3070380687713623
1.9557437896728516
2.7025339603424072
2.338872194290161
2.657529830932617
1.0763667821884155
2.6058189868927
2.6077640056610107
2.458651065826416
2.4180924892425537
2.5457639694213867
2.688202381134033
1.9845588207244873
2.340378522872925
2.641733407974243
1.2822997570037842
2.123140573501587
2.302251100540161
1.9167492389678955
2.589174747467041
2.0949926376342773
2.8095498085021973
2.333094835281372
1.4436105489730835
2.8344268798828125
1.2339839935302734
2.040886402130127
1.4176011085510254
2.914336919784546
1.4902019500732422
2.3265271186828613
2.089089870452881
2.768052577972412
1.9387485980987549
1.6317689418792725
2.4423105716705322
1.9754797220230103
2.371640682220459
2.0547258853912354
2.6866822242736816
1.1389864683151245
2.4461629390716553
1.5054529905319214
2.5111119747161865
1.1783658266067505
1.9926717281341553
2.3431503772735596
1.5744130611419678
2.2176897525787354
2.23651123046875
2.405606269836426
1.9253463745117188
2.256920576095581
1.5159019231796265
2.205263376235962
2.1598970890045166
2.4668869972229004
2.096355676651001
2.4933619499206543
2.4030213356018066
1.7585288286209106
2.295888662338257
1.2410389184951782
1.2741594314575195
2.8749358654022217
1.1616482734680176
2.1763548851013184
1.2972888946533203
2.7872445583343506
2.5256590843200684
1.9490288496017456
2.796189069747925
1.233166217803955
1.4911843538284302
1.7178224325180054
2.896515130996704
2.7502195835113525
2.932588815689087
2.478949546813965
1.6420903205871582
1.3955596685409546
2.314124822616577
2.155271291732788
2.5559499263763428
1.6952240467071533
2.021857976913452
2.254270076751709
2.8124656677246094
2.486943244934082
2.3546507358551025
2.166219472885132
2.488731622695923
1.8646258115768433
2.400397300720215
2.2051196098327637
2.5726120471954346
1.7945828437805176
1.4455108642578125
2.4368534088134766
1.8304622173309326
2.6829957962036133
2.385747194290161
2.241270065307617
1.2271201610565186
1.7869722843170166
2.217223644256592
2.4431545734405518
2.0572547912597656
2.670778512954712
2.244222402572632
2.2069883346557617
1.6769545078277588
2.1005842685699463
1.5806785821914673
1.3029886484146118
2.037332534790039
2.4062998294830322
1.416560411453247
2.4761390686035156
2.1523075103759766
1.893672227859497
2.824258327484131
2.1601479053497314
2.3672168254852295
2.583568572998047
2.1696794033050537
1.2224581241607666
2.308988094329834
1.6028766632080078
2.1123313903808594
1.910606026649475
2.5049562454223633
2.4628913402557373
1.7145771980285645
2.135272979736328
2.321791648864746
1.5658559799194336
2.462066888809204
2.15411376953125
1.2460421323776245
2.8076887130737305
1.5800573825836182
2.4566097259521484
2.5359063148498535
1.9358986616134644
1.5013694763183594
2.3842811584472656
1.030526876449585
2.6897270679473877
2.311518430709839
2.733632802963257
1.170731782913208
2.7174880504608154
2.2599620819091797
2.44169282913208
1.5111775398254395
3.0850894451141357
2.7857954502105713
2.688127040863037
1.7351508140563965
1.9067476987838745
2.6698710918426514
2.5347697734832764
1.9651504755020142
1.647117257118225
2.540079116821289
2.625687599182129
2.503249406814575
1.9983805418014526
2.732020139694214
2.2500224113464355
2.3635871410369873
2.035438060760498
2.6907174587249756
2.473196029663086
2.3554933071136475
1.7653977870941162
2.015308380126953
1.9055213928222656
2.2812774181365967
1.2448523044586182
1.634928822517395
1.883162498474121
1.831871509552002
2.2694077491760254
2.128650188446045
1.2907925844192505
1.2746129035949707
2.2296793460845947
1.4437280893325806
2.39566969871521
1.193527340888977
1.8975980281829834
2.1790719032287598
1.5756915807724
2.2141690254211426
1.1418845653533936
2.0552024841308594
2.985287666320801
1.5899567604064941
2.44946026802063
1.5089468955993652
2.140843152999878
2.7276461124420166
1.2102251052856445
2.194432258605957
1.3714301586151123
1.7014226913452148
2.24086856842041
2.1646647453308105
2.7094295024871826
2.5064730644226074
1.4661800861358643
2.1759181022644043
2.9002068042755127
1.4628106355667114
1.5313787460327148
2.8944714069366455
2.3819408416748047
1.990804672241211
1.4706406593322754
2.5800044536590576
2.21638560295105
2.3049800395965576
2.26216983795166
1.2860238552093506
2.913139581680298
2.3472652435302734
2.901094913482666
2.4466753005981445
2.244783878326416
2.3330931663513184
1.2015511989593506
1.376432180404663
1.9455335140228271
2.379223346710205
