9.217953681945800781e-01
9.392213225364685059e-01
9.389882087707519531e-01
9.343219995498657227e-01
9.280300140380859375e-01
9.155327081680297852e-01
9.159188270568847656e-01
9.236683845520019531e-01
9.445633888244628906e-01
9.200809001922607422e-01
9.216890335083007812e-01
9.138302803039550781e-01
9.240625500679016113e-01
9.292759299278259277e-01
9.351512789726257324e-01
9.306222796440124512e-01
9.188820123672485352e-01
9.322748184204101562e-01
9.331875443458557129e-01
9.108206033706665039e-01
